21263 1
29
26
19
22
23
23
11
33
36
31
33
26
27
27
26
27
82
30
39
14.8
30
35.5
23.3
18.2
18.3
18.3
37.5
20
76.9
65.3
78.6
79.3
90
90.5
92
93.2
94.4
93.2
80.5
48
90
90
92
80
85
8
13
91
94
93
93
91
18
43
40
70
95.5
94
88
28
35.5
79.2
26
92
88
71.9
81
28
34.7
21
12
22
32
30
16
21
29
36
35
32
30
51
33
82
60
54
90
90
72
92
93
94.5
91.85
91.95
89.7
89.9
85
90.5
130
88.8
85.5
77.3
69
84.3
86.4
88.8
73.6
62.5
93.1
92
22
6.5
85.5
91
93
95
89.5
92.5
90
90
91.6
63.9
88
75
39.3
22.6
4.2
82
51
45
45
20
92.4
91.6
86
92.5
93.6
93.2
90
94.9
93.8
92.7
92.9
92.4
92.5
87
89.5
93.4
95.3
93.5
37.1
33
65
30
86
81
36
71
63
57
36
88
62
33
50
57
4
91
74
59
61
90.5
90.3
93.4
92.2
91.6
90.8
92.1
92.5
86
87
90
92
90
92
34
30.5
30.5
23
24
110
110
93.5
94
92.5
92.5
93.5
88
83.5
110
75
104
106
15
91.5
54
62
91
91.8
91.8
76
49
31
91
92
85
73
42
55
45
93.4
94.3
73
53
22
40
55
45
45
92
96.4
94.7
92.4
89.4
90.7
88.6
16
18
75
70
91.3
92.1
92.6
88.1
94
79
82.5
105
35.7
75
42
94.5
90
87.6
88.3
89.3
87.8
86.3
88.5
90
66
44
22
80
73
88
50
15
58
50
91.2
90.8
91.5
40
87
75
66
92
70
94.7
94.5
90
60
86
20
76
63
52.5
50
79
62
52
38
81
58
42
33
91
88
76
64
92.5
67
76
92
86
92
91
91
92
91
90
43.05
93
94
92
93.5
93.5
88
69
56
85
92
92
92
90
89
89
91.9
82.8
74.7
64.9
57.6
56
56.5
47.6
92
41
33
91
87
52.3
13
26
39
52
65
25.6
41.9
53.1
64
70.4
72.2
28
46
60
78
93
93.2
90
93
97
99
99
99
95
78
67
52
38
89
64
47
33
11
93
91.6
34.5
71.7
78.2
80
36.7
53
111
87
92
92
65
58
36
85
75
73
66
6.5
20.3
29.2
34.9
35.2
33.2
34.8
19.6
30.6
45
80
89.7
88.2
88
86.7
86.9
86
87.9
26.9
25.5
29.5
34.3
37.9
35
27.5
11.9
20
19
19.5
92.5
92.1
91
89.3
92.3
83
33
72
48
68
63
83.3
90.2
92.3
89.8
77
94
89
60
33
18
33
92.3
95
85
93
92.8
89.75
77.3
56.5
43.6
26.2
20
89.1
62
62
88
88.5
23
28
26
30
85
108
106
92
89
91.2
86.5
84
93
108
55
39
83.6
107
89
31.5
90
90.6
91.2
88.9
43.6
45
37.6
82
39.6
41.1
21
91
85
120
86.8
82.9
72.2
54.3
93
85
70.9
65
36.9
93.4
86.2
84.5
72.5
53.6
91.3
87.5
81.8
71.5
49.3
91.7
87.8
83.3
73.1
51.8
84
76.35
35
20
55
85
92
28.9
26.2
28.6
18.9
15.2
91.7
94
92.2
91.8
92.6
93.9
89.4
80.5
73.4
61.4
56
49.4
44.1
91.2
55.3
16.9
74
32
81
70
65
125
108
22.3
24
35
36
41
33
38
48
33
31
22
62
18
40
35
38
42
21.2
94.2
78.5
48.8
34.2
89.8
129
21
94
75
41
40
88.1
92.7
90
89.1
86.9
75.3
69.1
58.7
36.2
88.1
30.4
72.5
83.5
89.5
87
65
29
70.5
73.5
72.5
60
63.5
66
65.5
49.5
51
53
54
40
20
83
82
91.4
89
105
73
80
85
74
25.5
75
78
66.5
73
55.5
64
83.3
75.2
59.1
49.4
28.9
54.3
61.3
78.2
94.5
92.5
81.5
70.7
84.5
80
71.5
12
42
88.5
81
62.7
47.5
44.5
32
29.2
92.1
92.15
91.3
35
39.6
20.2
46.8
29
45
93
92
57
85
90
119
21.5
35
37
25
15
84.5
93.5
86.5
10
85
110
80
90
68
70
1.7
30
76
58
95
106
104
104
92.6
86.1
80.3
68.6
72.1
72.1
59.4
89
78
62
39
89
97
97
92
77.5
9.5
92.2
86.9
77.5
68.2
68.2
58.2
45.7
24.7
92
16
70
110
95
95
91.8
85.4
77.8
60.8
58.9
54.8
45.4
28
69
37.8
35.1
30.1
22.1
6.5
22.5
64.7
52.5
50.4
37.5
82.6
67
61
2
2.2
12.5
19.3
37.5
47.4
62.7
72.3
87.8
91.25
92
93.5
91
80
94
47
73
8.5
34.3
48.4
52.4
17
111
109
105
101.5
101
105.5
104
100.5
85.5
90
82
89.9
91.1
94.8
93.15
92.11
92.01
92.01
92.1
91.06
90.88
87.99
83.71
79.89
78.49
79.24
76.91
71.79
67.04
65.64
64.8
65.36
63.31
89.66
78.21
67.04
55.87
47.02
45.53
46.18
32.4
35.2
27
29.05
62.94
63.38
55.28
50.09
72.18
85.04
90.58
86
75.18
55.63
39.44
5.28
8.01
10.74
13.56
14.79
14.96
13.2
10.21
28.575
36.48
39.87
39.785
36.585
41.26
39.06
27.89
30.28
27.81
39.22
91.6
90.6
83
79.4
71
88
90
37.5
37.9
30.45
44.1
23.6
16.7
36.1
29.8
39.6
38.8
28.65
24
17
15
58
20
6.7
20
36
21.8
30.3
38
32.7
18.7
11
85.4
28
33
84
21.2
29.7
34.4
23
8
55
45
45
50
55
55
28
29
20
22
15
26
90.7
95.5
88.1
87
91.1
83.6
87.8
67.6
59.8
44.7
90.53
47.73
87.63
92.33
93.83
91.23
89.43
91.1
90.1
83
25
20.9
82
85
89
82.8
73.9
65
56.9
54.7
47.2
91
72.2
88
60
72.85
66.19
63.6
50.08
47.6
30.69
63.5
74.3
54
51
64
46
86
89.5
81
90
91.5
37.2
90.5
101
10
91.4
91.2
89.3
77.3
95
91
50
91
50
91
35
92.7
49
81.3
63.1
2.9
88.9
89.2
90.1
75
92
92
27
31
32.5
116
116
110
109
41.5
29
88.5
105
98
80
84
95
114
80
110
112
87
92
95
107
107
115
112
111
110
110
110
10
21.9
23.5
26.4
50.1
54
56.3
59.7
85
93.9
93.2
38
50
56
90
58
70
82
87
53
50
109
78.5
77
81
87
87
87
87
81
84
89.5
90
90
90
34
112
82.4
83.9
83.9
84.3
37.7
1.5
84.3
28.5
1.5
84.3
32.9
1.5
84.3
40.7
1.5
81
80
83
81
46.5
71
72
73
106
84
105.7
63
70
67
35
83
113.1
82
52
80
83
73
67
68
64
40
70
90
86
74
64
92
92
91.1
91.8
92.4
92.5
91.8
77.5
78
78
79
28.5
6
78.5
79
92.5
90.5
93.4
82
85.5
88.5
86
86
83.5
82
86
18.4
21.1
22.4
86.4
92.7
88
78.5
92.4
87.8
64.9
45.3
80
92.4
92.1
43.5
79.8
86.1
85.8
79.3
64.1
41
62.7
81.4
89.4
93
92
80
69
38
20
89.6
76
71.8
28.8
4.2
28.8
32
36.4
60
54
37
35
91
79
71
65
24
110
9.4
8.4
6.4
4.7
95
90
76.1
84
93
37
25.6
38.5
32
35.9
36
30
37
17
10
23
89
85
88
83
73.7
57.6
36
107.1
107
98.5
98.4
96.9
96.9
90
16
81
85
89.8
90
89.2
86.7
86.4
86.4
82.8
90.71
91.3
90.2
87.6
77
77
66
52
107
109.6
107
107
18
39
32.5
14.2
67.6
67.1
41.1
18.6
79.1
81
61.4
38.7
29.8
77
39.8
60.8
18.9
18.9
91.6
94.1
82
61.2
51.4
68
18.6
85
86.3
64.6
40.1
23
47.4
43.1
37.5
77.2
73
41.3
60.4
46
46
58.9
70.6
76.8
79.1
79.1
79.7
79.7
78.8
79.1
73
73.2
90
78.4
64
48
33
91.5
40
84.6
81.4
92.2
91.5
88.1
81.6
74.6
83
82.7
81.7
79.6
77.6
76.4
77.1
72.9
77.1
91.8
93.6
84.5
86.1
97.6
102
95.8
81.6
90.8
96.3
95.5
89.5
82.7
74.6
88.2
85
55.2
40.6
36.4
11.8
18.6
92
91.4
69.3
53
32
24.7
77.2
78.3
78.6
80.4
69.3
68.9
73.4
81.4
79.7
80.6
77.4
78
82.9
87.1
91.5
92.3
91.8
91.6
80
74
80
75
34
37.5
24
106.9
85
136
132.25
136
42.8
40.2
42.3
55.1
75.2
39
22.9
22.5
65
89
71.6
67.4
44.3
25.4
108
51.8
19.4
21.2
19.7
7.3
88
27
40
76
93
89
107
83
91
86.5
34.2
89.6
82.5
95.5
74.6
51.3
89.5
58
85.5
79.6
56
48.5
92
87.9
88.8
90.4
89.8
90.8
91.2
95.8
77.8
53.5
35.2
19.1
39.5
45.5
47.7
47.7
62.5
93.6
94.2
93.9
93.6
91.7
91.4
90.2
88.7
86.9
78.4
65
86
90.6
23
56
91.7
90.9
79.3
58.3
52.5
8.3
81
91
91.1
92.1
96.1
92.4
73
93.5
82.2
95.7
95.1
91.3
90
90.6
119.95
69
41
84
78
72.5
84
78
66
75
59
64
85
92
88
82
78
70
60
46
50
34
36
30
14
16
27
34
27
24
20
80
15.4
17
10.5
19.5
22.7
20.5
19.5
25.5
83.5
87
118.5
90.9
91.9
90.9
93.8
94.2
91
92.7
92.2
89.3
91.5
90.1
90
81
62
47
16
21.3
22.1
16.1
9.9
22
41
52
79.5
56
43.5
27
19
114
41
66
75
82
99.25
90.25
79.6
27
27.7
28
25.6
10
15
17.5
15
11
25.2
23
22
15
106
129
19.5
20
17.8
12.3
23.76
19.5
67
35
73.3
62.5
45.3
9
69
25
19
8
90
95
81
96
93
88
15.5
14.4
9.6
65
76
83
85
79.5
75
59
26
24
26
16.3
11
15
14
4
27
32
29
9
29
21
14
38
74
50.2
39.3
31
23.2
7
91.1
103
108
92.6
93.8
95.2
91
58
61.5
31.5
52.2
39.6
27.7
25.7
22.5
81.3
55.8
25.3
76.3
72.2
68
86
86
34
44
50
54
27
38
45
53
91
62
19.8
65
70
78
85
91
92
91
90
21.6
16.5
11.2
7.3
4.3
19.5
17.3
15.3
13.5
11.2
8.4
5.6
18.1
15.1
8.7
90.3
86.1
84
77
70
64.3
58.9
83
19.8
93.5
88
76
63
56
51
43.2
30.4
16
93
20.5
25.8
49.4
47
58.5
66.7
79.5
76.5
81.8
82.4
75.2
71.7
91.5
73.5
58
35
15.5
85
83
88
91.5
49
27
113
114.7
114
116.5
86
31
75
24
84
110
118
115
30.4
19
17.8
29.7
31.6
25.2
29.1
31.6
31.4
70.6
25.4
28.5
18.3
91.2
91.1
91.4
3.9
14.7
35.8
29.4
20.4
11.6
5.2
0.2
35.3
31
25.5
20.2
16.6
12.6
10.4
6.6
2.8
30
23.1
18.6
16
8.9
6
4.4
2.5
29.8
24.1
13.7
8.3
0.9
0.7
38.1
32.6
27.9
22.2
17.4
13.4
9.4
6.1
2.5
34.4
30.4
27.1
17.9
15
9.1
3.7
82.1
76
48.3
36
47
40
89.5
78.3
74.3
67.8
63.4
60.1
60.1
62.7
68.8
79
79.3
80.7
80.4
27.8
43.9
57.7
58.8
20.5
28.5
37.4
53.1
63.8
74.9
17.8
26.2
37.4
43.5
52.7
67.6
76.4
88.7
19.7
40
43.5
50.4
54.6
59.6
68.8
81.8
89
89.5
88.6
88.3
89.1
88
87.1
87.1
86
86
91.1
90.1
90.4
89.2
88.9
88.9
87.7
87.8
92.5
92.1
92.6
91.7
90.9
90.9
89.7
89
34
37
33
30
38.5
91
93
94
95
94
94
95
41.5
56.5
62.2
75
90.7
87
98
85
73.2
73.2
58
45
22
21.7
23.3
70.8
85.8
86.3
79.6
54.9
103
100
93
55
65
67
69
71
74
67
9.8
13.3
16.2
17.8
19.1
16
21
23
26
42
39.1
33.3
23.5
11.4
108.5
90.4
100
40
22
16.5
17.2
19
17.1
15.2
11.1
35.9
20
13
14.1
15
85
60
76
49
110.9
8.9
8
86
87
79
85
25
65
14.3
13.7
20.2
23
28.4
28
17.3
19.8
9.2
15.6
28.1
18.1
10.8
32
37.7
92.9
82.3
56.5
39.4
23.5
90.5
70
57.1
41.1
80.2
58.7
21
59
49
46
28
123
120
83.5
90
84.5
86
75
71
83.5
82.5
82
83.5
83.5
84.5
81.5
81.5
87
87
84
87
62
77
38
35
40
39
75
71
73.6
77.8
71.2
75.6
60.4
46.2
30.6
60
12.15
42
78
67
40
74
77
75
93
14.3
8.2
4.5
8.3
8.6
9.8
12.4
13.9
5
10.2
75
53
90
81.5
19
22.9
26
22.1
9.5
9.7
13.3
25.3
25.5
23.5
21.6
13.7
9.7
4.2
4.2
17
12.7
7
11
19
18.2
92
93.5
93.5
93.8
93.6
15
42
40
45
17
10.5
8
11
16.5
16
107.995
104.95
71.5
118
88
31
110
116
110.5
92.5
110
111.5
110
113.5
103
94.5
16.5
28.5
23.1
66
50
25
60
78.5
55
37
30
20
66
45
30
28
24
121
9.2
28.9
26.6
20.9
17.3
22.7
18.2
45
33.5
22
7
4
108.5
104.4
68.2
67.4
69.4
70.6
67.7
66.5
62.7
4.4
6
8
17
29.1
30
44.6
67.6
80.3
66.3
37
56.5
90.2
90.9
91.6
86.7
63.9
106.2
105.8
106.3
29.8
12.8
28
12.25
8.5
29.5
33
31
29
29
29
19.3
13
18
112.1
107.2
106.7
114.1
26.4
28.4
27
27
18.5
17.5
20
40
43.5
47
43.5
36.5
31.5
28.5
53.5
51
47.5
46.5
49
6
92
45
60
91.2
73
61
41
80
73
48
30
77
70
48
37
22
9
82
78
77
84
84
84
86
86
86
68.4
56.5
41
24.8
77.8
106.5
79.2
71
76.5
75.5
95
114
112
116
118
118
77
72
64
58
58
24
87
82
61
51
49
20
16
117
92.3
91.9
77.3
73
49.3
38.3
60
60
62
60
60
65.9
67.9
70
72
72.9
84.9
47
22.4
31
38
32.6
19.3
77.7
55.1
32.3
75
49
29
76
49
13
18.5
94.5
92
91.1
90.5
89.1
88.2
82
86
87
88
89
90
91
90
86
91.4
78.4
67.1
53.6
36.5
76
86
76
66
87
18
29.1
30
77
80
86
73
60
36
11
93
81.5
86
92.8
71.3
58.4
43.3
21.9
92.4
84.1
73.7
66.7
55
24.8
92.8
79
69
43.4
18
92
65.8
58.3
39
31.1
5.9
10.1
14.3
18.5
20
21
17.3
20
21.2
21.5
19.1
19
18.4
5.8
50
43
30
78
76
76
71
75
28.6
20
21.5
14.7
14.6
11.3
11.3
9.2
9.3
7.2
7.2
86
81
52.5
87.5
94.77
91.35
79.45
57.9
38.8
15
25
89
87
60
37
94
93.5
91.5
93
81
96
83
84
85
80
90
65.7
38.3
11.9
89
87.9
77.9
64.1
50.3
28.9
90
74.3
53.1
30.6
11.2
23.2
30.6
88.3
90.9
91.9
90.8
88.7
75.75
67.6
53
43
37
33
73
63
49
44
45
33
24
66
51
28
40
31
30
29
71
55
43
43
27
17
21
18
43
34
21
51
46
37
13
16
26
21
21
58
56
53
42.4
42.5
42.4
80
83
29.5
29.9
29.2
28.5
27.3
19.55
78.6
48.9
28.6
11.7
40.1
38.7
36
34.4
24.3
27.1
19
10
32
45
37
37
40
40
39
40
39
30
50
55
62
37.5
28
15.8
5.2
109
120
124
120
78
68
56
45
45
31
80
85
72.5
74.3
94.2
73.5
72.5
74.3
74.4
69
26
37
28
25
80
113
117
124
87
22
40
58
64.6
70.3
44.2
37
34
33
28
22
80
80
80
80
87
86
85
84
86
85
57
42.5
48
50
51
43
47.5
51
51.5
84
27
54.9
43
23.5
89.9
92.8
92.8
91.7
93.2
91.7
87
53.2
132
132
95.5
84.1
75.8
59.2
48.7
28.5
92
12
23.6
105
89.6
37
43
44
45
85.1
90.6
90.2
89.5
81.8
52.8
41.3
84
93
93
93
78
80.5
69
65
62
53
49
71
68
64
56
39
72
71
67
63
57
46
65
57
66
67
87
83
91.1
89
86
84
90
83
84.5
106.5
91.5
82.5
65.5
43.5
32
87
78.5
38
90
81
42
39.5
28
30
30
32.2
32.5
28.3
30
90
55
30
18.7
92.5
94
22.5
34.2
89
36.7
20
12
27
107.1
107.25
107.75
108.1
100
90
89
22
12
18
20
21
5
107
24.25
30
18.5
62.5
50.6
76.9
64.6
50.4
27.9
29.5
90
19
89.1
86.5
84.7
82.1
80.3
73.8
61.8
89
64
47
33
11
75.6
81.7
85.8
79.7
89.8
66.2
25.6
0.3
80
40
92
31
3.65
3.65
78.35
55.67
23.36
33
24.7
36.9
26.9
74
60
8.3
21.7
35
40
50
50
50
35.7
30.1
23.7
16.3
6.4
21.3
17.7
14
7.9
4.1
24.6
80
48
19.5
28.4
93
89
88
109.6
45
93
107.5
19.2
107.5
19.3
91
107
9
9.5
89.4
87.1
83.2
86
90
87.5
90.6
31
84.5
80
90
93
55
90.85
91.15
105
84
90.5
20
105
20.55
116
80
85
110
12
18
96
50
15
30
80
84
80
80
27.5
108
107
22
65
10.3
7.6
81.7
2.3
88.7
84.2
80.6
85.2
84.7
79.5
16
24
35
44
51
47
35
112
111
110
88
86
85
23
23
20
76.4
76.5
76.5
76.5
81.1
78.5
77.6
78.7
73.7
71.8
73
64.5
132.5
82
86
85
66
51
18
30
51
53
71
83
84
86
86
87
84
82
79
58
67
75
79
66
55
31
103.25
93.75
89.35
94.2
98.5
97.1
93.05
91.65
92
85.95
64.65
105.3
103.8
101.7
97.6
86.35
95.5
18
79
75
65
92
89.5
73.5
39.2
25
92
82
87
89
67.1
74.3
77.8
79.2
79.2
40
38.6
38.8
45.6
50.2
62.9
13
40
93.3
91.4
34
33.9
35.1
34.1
31.9
31.1
27.1
31.5
70.3
52.1
56.6
47.8
15
69
65
62
53
32
92
63
25
81.5
56.5
76
44
85
18.7
20.4
20.6
21.1
18.95
73.5
85.2
89
87.8
83
79
79
78
70
54
57
74
80
80
86
97
95.5
99
106.5
109.5
100.25
109
118
86
92
32.4
35.1
29.8
47
75.6
87.7
87.5
76.6
89
85
80
28
32
34
87.3
89.4
25.7
34.9
16.4
0.01
10.9
14.2
17.8
19.1
20
0.001
8.1
12.1
13.6
15.8
17.4
18.5
106.5
80
76
64.8
60.5
52.4
73.8
73.8
73.8
48.6
41.4
21.9
14.3
79
105
40
29
35
7.6
13.2
24
34.1
45.3
133
132
110
108
128
92
19
21.75
122
8
20
19
75
80
95
120
134.5
90
68
89.8
90.25
89.1
93.4
90.5
75
64
83.3
85.5
84.7
84.8
86
86
86.3
85.5
74
92
58
66
75
97
30
36
135
30
36
77
49
34
15
75
68
61
58
49
39
23
73
70
66
60
78
86
78
82.5
80
74
71
60.5
49
29
13
94
106
126.6
133.9
77
74.6
72.3
70.8
88.8
83.8
80
76.2
73.4
15.7
19.9
19.8
16.8
16
8.8
102
96
84
73
55
48
27.9
25.9
27.6
92.8
92.5
106.8
120
86.5
87.1
77.6
71.1
116.3
27.8
2.1
22.1
14.4
5.8
17.1
11.1
7
16.2
33.6
83.7
47.3
47.2
42.1
67.2
78.8
64.3
54
40
14
21
32
17.9
20
21.4
23.5
27
25
68
61
53
43
30
58
77
50
41.2
33.6
31.1
28.4
30.3
29.8
16.5
14.7
85.4
89.9
86.7
83.4
93.5
93.6
93.2
91.9
93.6
93.8
94
94
91.3
92.1
92.6
93.2
4
30
22.5
20
91
110
43
40
43
15
82
100
28.9
35.4
35.5
26.8
35
23
12
38.6
36.6
36.6
38.6
38.6
32.6
78
83
73
41
54
32
105
115
20.9
21.9
26.4
40.7
40.6
40.8
67
117
22
20
28
81
68
89.5
67
51
114
27
33
36
24
19
28
32
35
22
17
26
30
35
18
36
88.4
89.1
88
79.9
67.2
50.5
34.8
18.3
36.4
22.8
15.2
13.5
7.7
28
23.4
16.8
10.9
8
5.1
29.4
11.5
14.4
8.1
4.7
2.5
0.001
8.2
7.6
0.001
37.2
31.4
16.8
0.001
13.1
31.2
24.5
113
110
122
100
90.4
45
50
30
45
24
104
92.74
77.5
13
85
89
77
40
41.1
45.5
48.9
54.2
56.7
60
60.3
126
92
17
102.7
7
10.5
18
22.5
26.5
22.5
22.5
22.5
90
77.05
29.9
14.85
86.3
80.5
48
33
4.2
81.5
69.5
54.5
44
29
20.5
4.3
51.5
43.5
23
4.3
3.46
7.05
5.33
5.74
6.05
5.46
34
30
40
91.7
47.6
58
62
64.6
73.4
87.7
30.9
28
32
17
25
22.5
12
80
75.455
17
89.3
83.15
60.5
68.35
58.45
30.3
43.4
83.5
15
20
67.1
53
25.1
63.8
50.1
40.5
70
38.6
90.7
90.1
89.1
86.2
79
55.6
50.8
83.2
75.2
57.4
50.4
85.9
77.2
71.5
74.1
71.5
65.7
135
35.5
43.6
55.6
25
15
113
125
133
89.9
89
92.9
41.5
94.4
80
24.2
24
27
115
32
43
39
87
87.5
59
40
25.5
70
82
21.5
91.5
62
60
45
75
79
86
84
65
87
86
80
85
105
88
74
58
30
11
12.5
11
86
80
133
127
83.5
32
88
86
82.5
79.5
76.5
67.5
55.7
55
80
40.5
107
118
110
23
92.2
85.1
68.2
40.7
31.4
5.6
96.2
93.1
84
67.9
57.7
39.6
20.9
93.6
93.9
91.1
82.9
76.4
61.1
45.8
28.6
90.8
89.7
86.8
73.5
59.1
51
65
60
79.1
76.7
76
70.8
67.3
58.4
47.8
36
31.3
96
127
56
91.5
91.5
62
96
89.3
84
84
82.5
56
58
72
78
72
50
20
9
113
35.45
5.55
20.35
19.5
85
93
100
107
107
63
70
78.5
89.8
86.9
91.1
90
88.7
89.2
87.4
84.8
84.8
80.5
80.5
78.1
74
75.1
57.7
56.8
94.5
92
89.4
92.05
90.15
92.05
92.4
91.95
92.45
91.3
90.4
92.7
93
92.85
93.35
90.55
91.05
93.45
93.3
93.75
91.7
91.4
93.65
92.35
88.95
88.8
91.25
92.3
92.85
91.7
117.1
94.5
17.8
29.5
86
93
100
102
116
5
5.5
132
132
66.5
76
71.6
60.4
50
21.6
4
45.4
17
92.4
27.6
21.8
23.1
17
12.5
22.6
14.2
8
110
83
46
76.4
63.6
59.1
51.8
80.4
26
26
21
15
124
128
124
122
118.5
124
127
123.5
89.5
91
91
91
7.5
90.5
89.5
86
90
88.5
89.6
59
87
35
36
91
82
96
87
90
91
82
74
67
64
62
65
90
115
125
65
50
43
43
42
45
74
37
45
50
56
68
27
41
7
28
41
87.5
22
64
53.9
89
70
74
75
45
91
96
117
119
128
127
118
118
127
110
115
105
134
120
127
129
134
128
134
95
110
80
80
90
73
85
130
92.03
92.83
106
106
133.5
126.2
122
121
107
47
46
54
58
60
62
64
110
30
27.25
102.98
102.98
104.44
107.17
6
14
18
31.8
38
35
26.9
54.3
63.1
56.1
50.1
65.3
57.1
44
47.9
55.2
52
45.1
32
43.8
50
45.2
38
70.3
70
71
72.9
73
60
66
57.3
73
66
86
54
56.5
88
86
55
108
122.5
117.5
122
107.5
102.5
91.5
90
92
92
92
92
103
82
85
100
90
90
74.5
73.5
85.5
80
80
86.1
58.3
72.2
72.2
63.5
22
70.5
61
77
50
71
76
24
17
12
35
70.5
64.75
60.5
48.05
40.8
64
73.3
68.5
63.75
58
54.3
50
84.5
71.05
63.7
49.25
50
67.55
56.25
49
34.5
31.5
30.5
77.75
77.5
74.5
73.5
71.25
70.25
59.5
97
110
95
115
98
21.7
40
92.2
50
116
90
100
120
27
115
38
31
41
21
90.6
86.6
83.9
71.6
63.1
56.3
50.6
49.3
73.9
64.6
56.7
53.1
55.5
53
91.5
82
77
74.1
68.4
3.4
5.2
8.4
9.4
11.7
25
30
32
25
90.3
78.8
80
79.2
74
87
19
19
90
84
82
13
16
23
20
21
20
76
40.5
110.7
127.8
128.8
128.8
131.4
128.5
130.1
128.4
118
105
112
80
55
35
46.3
57.1
59.3
38.9
19.4
51.5
60
35
29.4
33.2
30.3
18.1
33.4
31.3
19.8
80.2
76.3
73.9
68.6
63.7
49.3
40.9
124.9
92
81
83
86
93.2
91.5
78
63
53
9.6
28.3
46.4
65.3
69.3
10.4
14.4
25.1
34.7
41.1
46.1
59.7
21.3
47.1
63.5
72.9
19.5
26.4
29.9
45.9
5
14.4
24.8
68.6
78.8
33.2
25.7
29.8
100
74
67
63
24
25.15
34.85
107
105
76
75
110
113
72
110
118
125
130
120
103
143
40
24
86
40
34
30
80
44.7
47.5
27.7
63
69
72
77
76
14
18
24
24
24
24
92
79.4
60.5
36
24.1
20.3
31
47
71
76
85
75
75
84.2
86.9
91.3
89.6
82.8
86.9
91.2
94.1
123
132
133
134
134
134
134
134
94
68
95
89
85
30.1
35.2
35.7
64
71
77
67
70
69
69
66
63
51
59
28
66
85.1
82.2
78.1
70.8
64
58.7
61.6
64.4
62.5
58
69.5
72.7
74.6
72.2
66.3
80.3
78.4
67.8
90.4
56.9
33.1
14.4
109
100
110
100
107
56
58
62.4
27
27
27
24
30
39
41
12
88
105
114
108
123
125
123
16
80
97
92
126
37.5
93.2
90.95
91.25
76.7
54.9
47.9
47.3
43.8
42.05
86.5
85.7
80.8
90.85
88.85
87.05
82.6
68.75
64.7
59.1
56.65
57.85
57.2
55.55
54.35
51.2
26.85
36.55
23.35
23.9
40.05
48.3
64.3
82.4
68.5
40.7
80.2
62.1
35
24.4
90.4
86.4
82.4
78.8
72.1
60.7
56.6
43.9
37.6
86.2
93.1
92.8
91.1
91.7
91.4
92.9
84
82
78.2
73
47
30
96.2
95.1
92.8
53.4
36
49
33.5
64
5.4
17
18
23
8
91.2
66.9
62.25
61.3
60.9
61.38
59.9
61.34
61.25
85.23
67.4
83.65
80
73.62
59.53
40.87
49.5
107
76
32
92.3
79.8
61.3
40.7
90.6
88.1
69.3
71.8
75.9
90.7
91
59.2
44.9
34.2
88.5
83
50.1
31.8
23.9
29
30.3
26.7
73.2
75
17
60
35.2
51.8
72
67.4
71.9
76.3
32.1
40.3
52.6
21.5
81.8
88.6
84.1
71
65.3
54.5
41.8
71.6
82.9
84.1
76.7
72.1
61.9
52.6
40.6
88.6
81.8
67
57.9
54.5
50.6
32.9
81.8
61.4
51.4
47.2
44.3
28.1
96.1
81.3
65.6
50.1
42.6
13.2
96.1
76.3
54.8
32.2
0.3
86
84.2
81.7
81
93.5
94.2
92.8
91
87.8
77.3
70.5
64
62.2
54.3
50.7
85.4
83.3
79.7
77.9
74.3
61
61
37.9
18.9
92
93
82
61
52
30
86
87
82
72
60
43
84
80
66
82
82
73
82
83
82
67
47
82
82
70
81
82
82
82
82
80
79.9
79.9
80.1
91.8
89.6
87.6
85.5
83.3
72.5
65.2
54.1
41.5
49.9
93.2
86.7
40
24.6
28.1
36
51
65
73
13
40
54
65
72
70
82
35
41
65
78.5
82
36
45
33
50
76
78.4
73.3
66.6
56.8
46.8
36.4
22.1
91
58
90.9
86
82.9
79.9
78.8
64.8
73.6
77.3
80.9
84.7
72.2
66
10
28
42
55
14
34
25
79
79
78
74
76
22
42
74
80
92.3
91.8
92
110
118
125
130
120
103
110
123
83
71
81.8
60
89.4
84.2
79
78
16
50
89
92
85.5
82
75
68
88
82
83
81
87
80
92.2
91.5
88.1
81.8
74.7
59.3
45.4
28.2
13.5
2.1
92.2
85.9
79.2
72.6
57.4
42.8
33.6
21.9
10.1
73.2
65.6
59
56.1
33.9
23.5
58.9
56.1
52.9
51.7
46
38
30.7
18.7
41.2
38.7
35.8
33.9
27.2
14.9
67.4
57.2
48.3
41.3
30.2
9.2
52.8
45.8
35.9
21.6
9.8
34.3
26.7
16.8
14
4.1
14
25
22
21
58
45
60
84
115.5
117.2
118
92
15.5
27
31.5
16.5
28
32.5
73
20
35
38
43.1
39.1
33.9
26.2
20.2
15.8
93.5
89.5
89.7
90.1
87.3
71.2
58.7
90.8
87.7
61.1
76.3
59.9
55.5
91.5
73
46
34
31
64
77.5
84.5
69.1
52.4
32.1
21.4
17.9
132.9
133
130.9
121
118
100
100
79.6
77.8
76.2
78.6
73.6
71.8
21
37
43
75
52
43
23
85
87
87
92
92
92
93
87
130
132
42
55
14
34
64
77.5
91.8
91.8
90
81
77
73.7
69.1
63.8
49.8
40.9
68.8
82.6
85.4
81.8
94
96
94
94
74
70.4
68.2
63.5
55.1
52.6
21
80
74
67
57.6
47
36.7
22.4
70.9
75.1
73.1
86
85.8
69.1
92.3
91.4
77.4
53.9
41.2
27.8
45
55
55
91.5
86.1
81.4
70.8
108
78
73
53
10
78
72
72
66
60
57
78
76
74
69
78
76
74
72
54
60
7
12.5
21
23
25
26.5
30
31
13
25
8.9
81.5
77
73
90
81
77
20
73
80
85
92
97
92
71
60
50
86.4
88.5
84.4
72.9
66
88
118
120
7.2
19.7
26.9
27.5
27.8
28.5
20
55
57.5
57.5
86
88
89
86
68
135.5
115
115
31.8
92
7
11
18
18
18
10
79.8
107
52
24
35
20
22
68.2
66.2
63.6
58.9
51.3
44.2
37.1
92.7
88.7
85.8
78.9
68
58
44.2
60.7
58.9
56.2
51.1
46
38.4
31.3
50.7
49
46
41.5
34.9
28.4
21.1
54
61.5
67.3
73.6
86.2
90.3
92.6
6.8
6.5
8.5
109
106
106
108
107.6
24
54
82.3
53
105.3
103.7
102.5
73.5
78.6
82.6
83.5
87.6
88.3
87.7
86.3
78
80
82.2
100
52
120
94
89
85
83
70
85.9
61.4
41
24.6
89.6
77.7
45.7
35
105.3
103.7
102.5
35
39
43.5
12
51
114
45
79.4
81.9
85.4
83.5
80.8
79
79.2
81.2
84.8
83.3
79.3
80
83.2
76.8
77.4
78
69
70
67
69
62
62
62
62
56
62
55
35
38
25
26
61
56
50
32
78
52
12
20
20
16
70
75
91.4
90.5
88.5
86.2
83.5
18
16
13
21
17.5
12.9
10
3.6
16.8
11.3
7
5
5.1
90.7
91.6
92.2
88.3
88.6
77.1
68.6
61
59.7
52.6
11.3
93.6
88.3
72.7
55.3
29.4
44
84
82.5
79.5
57.4
23.2
23.3
24.3
22.7
83
67
95.1
122.5
133.5
60
32
35
45
93
73
60
48.5
22.9
18
12.2
14.1
8.2
102
93
130
112
98.5
110
117
117
21
26.1
30.1
27.1
20.1
22.1
31.1
33.1
29.2
25
27.4
19.5
10
32.6
34
35.5
30.5
26.5
24
23
10.4
30.5
30.1
29
25.1
13
78.5
108.5
110.5
108.9
110.8
111
110.8
82.2
84
56.75
53.75
60.55
55
80.5
82.5
80.89
78.5
81.27
84.11
76.67
92
84
81
77
64
48
54
70.34
55.23
35.9
41.2
44
50.9
25
56.5
75.6
57
51.7
73
60
89.4
91.5
88
70
65
65
55
45
95
90
85
75
65
77
65
69
76
71
73
69
49
44
28
22
41
62
65
63
73
71
77
88
89
83
74
57
29
32
70
60
55
20
14
47
71
40
67
68
54.8
48.5
33.8
30.9
26.1
50.7
48.6
43
38.8
35.8
127
92.4
92.1
108.7
41.3
49.7
47.1
49.7
48.8
51.8
49.7
12.3
26
54.1
58.4
80.7
82.6
88.1
93.2
94.3
25
20
36
55
98.7
98.6
98.3
94
96.1
97.4
90
81
78
71
60
59.4
57.7
80.2
86.4
80.1
94.2
94.8
93.7
81.8
12
38.2
30
15.9
32.1
28
21.9
16.1
85.1
89
12.5
79.5
83.8
63
60
58
53
45
34
98.5
34.5
63
80
70
78
82
86
88
89
86
84
81
91.9
67.1
43.8
33.8
7.9
93.4
110
110
110
110
110
21
21.4
18.4
18
13.4
7.8
2.9
24
20.5
17.2
11.3
4.4
26
25.2
22.8
17.6
12.8
2.7
78.8
18
41
58
74
65
68
52
54
78
80
48
45
33
9.6
83.5
100
66
56
48
41
75
68
63
58
52
88
76
68
60
50
114
112
92
67
30
15
73.1
73.5
73.1
68.5
68.8
68.1
68.3
94
143
26.95
30.7
36.8
37.75
40.3
41
29.35
30.05
30.9
31.05
26.85
25.2
48
58
74
80
80
79
58
76
80
79
80
91.18
89.2
88.91
86
83.79
29.6
15.6
68.3
65.1
92.9
91
87.1
79.8
89
87.6
76.8
52.7
35.9
26.5
15.4
62
68
72
78
73
35
12
37
94.1
93.1
95.3
93.1
40
96
21
18
9
16
61.6
60.6
55.5
45.3
18
13
48.9
61.7
67.6
89.1
89.8
90.4
89.6
87.9
88.1
89.1
89.8
90.4
27
27
58.7
57.6
63.3
62.6
59.8
62.9
68.3
66.5
66.5
67.5
65.4
64.4
65.8
45
35
75
65
90.1
85.2
80.9
63.1
79.3
77.5
84.8
19.8
43.5
55
67
81.5
89
91
35
120
115
97
128
135
111
114
98
109
110
116
70
100
15.5
93
92.5
93
92
92
93
85
88
86
30
100
110.3
126
127.4
128.4
128.5
30
30
36.5
36.5
33.5
27.2
27
24.5
27
37.6
37.8
36.7
35.9
32
25.1
25.1
33.9
31
28
25
28.7
34.8
25.2
28.1
37.6
31.6
27.8
36.7
36.7
31.9
28
24.1
38.7
34.9
28
25.2
38.5
37.7
28.1
24.9
128.2
130
128.4
125.2
82
81
60
47
34
10
80
80
55
30
76
61
19
74
66
34
25
23
22
77
78
79
73
61
51
13
41
48
49
50
76
75
53
47
46
47
132.9
90.7
85
87
93
100
85
106
111
116
95
125
25
82
55
52
50
48
30
23
63
60
70
26
35
50
32
79
30
74
77
78
78
78
79
80
79
78
77
34.9
54.9
75.1
77.9
45
78.1
92
37
47
68
134.7
134.2
135.4
135.8
133.4
93.8
92.1
96.5
93.4
91.6
79.2
70.3
63.6
85
130
120
72.5
81
74.5
111
20
52
70.3
55.2
10
77
66
51
35
10
80
40
56
62
55
33
71
66
65
52
28
14
55
56
55
59
66
60
54
50
40
20
84
70
74
63
57
44
33
10
75.8
73
68
82.5
75
72.5
108
121
117
21
24.5
8
24
12
17.5
10
31.5
33.5
40
43
31.5
33
33
34
35
37
38.5
38
32
10
81
103
71
65
52.4
56.4
70.7
76.8
85.6
86.5
86.8
87.4
49
49
76
70
70
108
63
96
85
87
93
70
70
78.2
88.5
95.6
95.3
94.1
93.4
92.5
90.9
89.1
102
84
60
45
89.3
89.1
89.4
88.3
87.1
86.7
88.8
86.8
67.1
73.3
97
102.3
104.4
67
78
89
92
91
87
81
70
31
30
28
20
65
59
42
54
68
74
92.3
91.5
88.2
86.3
83.3
79
78.2
63.7
70.8
72
75.1
80
80.6
80.9
30
30
90
41
90
113
65
52
107
118
117.65
119.6
86.3
69.4
47.5
31.4
0.4
29
31
31.4
29.5
32
15.5
18
30.8
17.2
31.8
84
81
75
75
77
77
77
82
82
82
91
74
61
43
61
49
40
76
28
70
24
70
80
91.5
63
110
100
40
44
44
44
99
111
77
109
83
49
23.5
28.6
57
40
14
87.8
84.3
73
109
84
86
91
92.2
90.2
89.1
87.5
40
42
58
60
77
77
82
52
33
39
98
75
40
106.35
106.6
106.95
105.55
31.6
29.4
27.1
23
32.5
30
28.5
27
24
23.5
20
2.05
18
16
32
31.7
31.1
30
29
18
24
85
94
83
61
2.7
1.5
23
95
37
40
35
18
40
23
20
67
78
82
100
110
118
135
128
133
130
120
130
37.5
43
47
48
76
87.5
87.5
89
77
89.5
83
75
23.3
7.5
63.2
68
22.1
22.1
122.5
123.5
125.5
124
11
91
83.5
78.5
57.5
36.5
37
54.5
72
75
84
80.5
78.5
90.7
60.5
86.7
81.2
75.6
67.5
60
53.4
44
39.8
28.3
25.8
20.7
9.51
75.1
77.5
80.7
81.4
82.1
75.1
74.1
62.3
59.8
86.6
84.5
81.5
52
110
35
90
55
74
80
79
102
107
107
108
104
112
37
35
26
10
10.1
33
92
83
33
91.8
82.2
91
89.7
89.2
88.5
83.2
55.2
36.8
107
47
47
57
89
7
82
84
70
50
84
72
74
80
68
72
76
75
110
85
34
34
34
42
30
20
40
90.2
88.1
83.3
76.1
67
51.9
91
80
77
70
68
58
51
41
90.8
87
84.6
84.5
85.8
81.5
78.7
81.5
34
74
76
79
83
73
69
63
58
32
88
88
86
82.5
82.5
82
85
72.5
69.5
67.5
69
67.5
70
79.5
64
57.5
57.5
55.5
61
59
18
46
92
120
120.5
121
123.5
97
80
75
55
92
85
62
47
21
89
79
71
91.05
28.8
26
24.6
19.6
12
6
1.3
88
87.5
83
70
57
32
12
43
48
70
72
72
74
76
73
74
73
74
75
75
71
60
12.1
13.5
10.1
11.3
15.4
17
35
31.5
33.5
35.7
39.9
55
56.5
50.7
43.8
22.3
58.8
64.1
62
38.4
58.8
58.1
58.8
16.6
63.6
56.6
36.6
25.5
62.6
53.6
33.1
20.5
57
68
76
80
71.3
63.8
45.7
23.6
16.5
80
98
64
45
86
90.7
92.3
87.8
71.8
83.7
74.7
73.2
70.1
63
85.6
73.5
64.4
57.6
29.6
17.4
12
40
80
95.65
27.9
32
35.1
32.2
29.1
100
84
19
15
11
5
52.2
64
69
64
103
82
98
42
110
0.616
0.954
1.201
1.242
1.398
1.489
20.6
29
31
119
117
81.9
16.4
22.6
21
12
57
95.56
40.5
1.2
110
115
120
74
4.7
80
91.85
124
78
126
90
85.1
72
132
93.4
10
40
75
128.5
92.5
116
123
130
132
77.5
78
38
55.4
60.6
65.3
74
83.6
80.9
78.5
74.1
69.1
66.8
64
52.6
40.9
91
82.4
65.9
59.2
52.5
66.1
75.1
86.3
84.1
83.7
80.7
77.7
73
40
65
90.4
91.1
88.9
85.5
81.6
87.6
82
70.8
56.1
32
38
46
49
5
87
83
78
63.1
30
25
26
35
28
33
45
36
32
40
40
105
108
123
118
37
40
40
16
15
14.5
13
11
9.5
21
20
19
18
16
10.5
17
15
14
12
10
7.5
38
30
20
12.8
32
26
13
31.2
21.1
13
21.8
12
68
19.6
22.25
79
91.8
89
86
84.5
83.6
80.5
78
64.6
76.6
88.3
93.1
91.4
49.9
72.9
86.3
86.3
85.9
58.5
75.6
80.8
16
90.1
85.6
79.5
77.9
78.5
65.3
56.7
48.9
43.1
36.7
22.6
23.4
26
14.5
10.7
5.4
12.7
26.1
24.2
5.4
30.9
33.1
32.3
21.8
9.3
23.6
30.1
29.3
27.1
31.8
31.6
34.4
37.6
37.5
33
21.3
29.6
34.1
34.4
36.6
40.9
41.2
33.3
22.1
11.9
7.4
76.1
76.1
76.1
76.1
76.1
22.2
21.6
21.8
21.6
19.6
16.3
14.9
6.62
6.62
2.65
10.6
13.9
132
37
27.8
26
25.4
23.7
15
33
50.3
55.5
56.7
59
63
87.9
90.2
5.2
4.6
3.5
4
4
4
12.7
21
25.6
23.4
26
41
12.8
32.8
38.4
54.7
79.4
12.2
30.6
36.3
42.2
57.5
10.6
6.6
5
4.4
23.1
94
57.5
47.5
60
25
26
18.8
13.9
8.9
5.98
9.96
13
26
27
26.9
22
17.9
16
22
13
12
16.9
19.8
16.9
15
8.2
12
14.9
11
11
9.95
7.5
68
85
86
56
28
38.8
22
14
12.1
1.82
40
31.5
24
15.2
11.5
11.5
11
85
86
106.6
105
99
95
84.5
50
90.8
86.9
84.2
81.8
79.5
80.6
82.7
83.8
86.3
81.3
76
71.9
21.5
21.2
19
18.7
16.5
31.2
29.1
61
11.6
83.1
83.1
82.6
81.1
111
89.5
12
13
11.18
11
11.5
32
4.8
9.1
19.4
23.9
26.7
27.6
25.5
24
13
14.6
27.8
50
72.9
71.5
90.5
80.5
81
85
86
68
97.2
96
95
35
97.4
97
96.8
96.3
1.49
92.55
30
25
35.8
47.3
58.8
35.6
31.7
26.3
20
9.8
35
78
75.5
78
77.1
71.3
45.2
22.1
79.5
82.2
83.8
88.9
85.6
82.9
79.5
55
95.85
115
86
17
109.3
107.6
107
106
105.5
78
77
75
74
73
70
65
61
5.1
11.9
17.6
20.4
23
61.5
45
1.35
19
84.7
60
65
59
69
71
73
74
73
71
35
48
58
39
45
65
70
72
72
62
16.5
33.5
22.5
40
79
80
80
80
78
84
84
90
5
88
88
86
88
82
75
26
35
13
61
84.4
68.3
63
53.8
37.8
26.7
98
15
6
90.38
87.56
82
70.78
56.1
88.67
85.3
76.3
60.73
88.9
40
93.3
84.4
73
59.7
92.81
90.36
88
85.34
91.78
91.09
89.21
86
92
73
71
94
92
15
22
27
34
36
38
85.05
84.82
84.5
83.76
82.34
80.31
27.5
69.4
43.5
4.8
91.4
88.4
90.3
90.8
91.4
77.3
64.4
71
18
40
66
70
71
76
76
78
79
15
39
64
76
79
79
1.44
30.9
36.95
42.3
40
33.15
37.5
32
11.3
11.55
88
80
78
78
110
77.7
76
79.5
80.5
80.5
79.8
80.5
81.2
24
1.31
1
1.1
102
130
19.75
18.05
78
70
78
22
64
77
80
25
47
60
76
76
73
70
21
42
65
78
78
80
89.6
68.3
59.8
57.1
54.8
51.7
63
68
56
85.2
63.7
44.8
28.9
50
40
21
78.5
58.5
39.3
33
20.4
84.4
61.5
45.2
27.4
16.3
61.1
52.2
41.5
25.2
6.3
49.6
44.1
37
28.5
21.5
31.1
21.1
11.1
17.8
15.6
27
10.3
5.2
4.3
15.5
14.5
13.5
12.5
9.5
7.5
109
85
89.8
90.75
52.8
77
20
88
86
66
48
91.5
90
78
72
64
34
81
42
88
89.5
83.25
80.5
76.2
70.6
70
57
47.4
30.3
0.1
78.6
63.3
60.9
49.6
19.1
68.2
66.6
69.7
18
25
27
27
27
33
36
35
33
23
20
13
22
17.5
41
28.5
61.9
51.7
36.4
0.1
47.2
46.6
50
59
67.9
73.1
73.7
74.4
70.7
65
66.6
74.4
76.4
44.4
54.2
63
66.3
63.7
66.3
75.7
41.6
47.9
52.5
73.6
90.7
95
34.6
32.1
30.5
21.3
20
9
12
81.5
71.5
66
69.5
69.5
79.5
75.5
74
83
82.5
74.7
80
79.9
23
9
17
18
22
25
28
28
27
17
10
84
73.8
57.5
91.33
91.075
92.42
92.12
86.4
85.7
63.58
50.33
92
20
30
32
32
26
14
16
13
38
57
76
5
38
28.8
18.6
7.85
39.3
18.3
9.6
3.3
25.9
82.4
57
70
75
78
82
74
63
70
46
59
82
82
82
90
90
90
90
90
90
94
53
38
23
93
90
86
82
81
80
93
88
81
78
68
70
94
83
68
50
39
62
21
94
79
52
43
14
108.6
117.2
92.8
91
91
62.5
71
34.7
30.7
29.7
29.1
38
40.4
37.8
125
93.05
90.4
74
75.8
70
60.8
57
5.1
20.5
106.5
111
113
117.6
124
88.3
86.7
18.2
30
25
22
22.5
20
16
12
8
5.5
19.5
16.5
13
6.5
18
15.5
14.5
14
13
12
11
9.5
8
62
40
20
92
82
92
38.4
45
38.8
24
70.5
63.5
40
27.5
72.5
70.5
66.5
60
52.5
40.5
29
34
35
38
40
30
27
32
78
65
60
68
53
40
79
70
45
20
10
1
50
78
97
80
87
22
20.5
21
18.3
16.8
23.3
22.9
21.4
18.8
99
131.5
81.8
133
15.9
13.5
90.8
88.6
60
65
90.7
88.7
81.2
76.1
66.3
89.7
86.8
86.4
77.1
117
65
63
104
22.1
24.2
18.3
10
133.6
86
70
90
82
78
78
78
90
78
60
52
50
135.7
78.5
85.5
58
70
74
38
62
88.75
94
75
90
50
90
63
90.565
90.815
88.55
89.935
135
107
94
92.8
91.5
34
93.1
92
80
81
67
58
50
41
65
44
37
23
20
56
30
23
20
10
10
6
20
5
8
92.6
92.9
47
47
44
45
52
53
49
49
50
44
63
47
31
12
45
45
45
45
32
32
42
42
42
81.4
87.5
89.7
81.2
80.2
70.5
60.6
60
56.2
52
52.4
50.1
42.6
109
108
107
79
70
68
62
43
70
51
14.7
14
13.8
13.5
13.2
25.5
27.2
26
33.1
31.6
29.7
25.9
22.2
17.3
12.2
83.3
81.5
73.9
88.7
77.7
111.7
123.6
103.1
26
87.9
90.4
91.5
91.7
93.6
93.1
94.4
26
91
113
103
49
93.2
93.5
38.7
75
60.5
47
32.7
67.7
58
39.3
29.9
20.2
67.7
60.2
58
39.3
29.9
20.2
13.4
9.6
5.7
8
26.5
52
91.3
92.1
91.8
92.4
88
71.2
69
60.5
59.4
58.5
59.4
58.7
83.5
81
74
63
69
58
88
85
82
83
79
76
70
74
54
57
37
24
88.7
89
89.8
89.5
91
91
95
53
94
30
80
76.3
73.1
68
26.3
24.5
24.7
104
35
45
55
55
63
47.5
30.1
11.5
64
48.7
33.3
17.8
44
16.2
45
74
95
97
91
81
78
59
56
40
26
81
81
81
80
76
71
63
55
46
41
30
15
79
79
77
75
66
61
52
47
35
20
64.9
56.9
43.2
13
80.2
77
52
84
80
76
70.1
38.4
24.2
8
41.9
40.1
60
78.8
7.6
43.9
52.8
0.4
2.3
1.86
1.57
0.93
14.6
6.3
4.8
8
32
37
29
16
3
24
21
16
85
71
53
26
89
91
87
85
82
82
80
62
60
3.5
10
91.4
89.4
87.8
60
86
80.7
43
8.9
13.7
15.3
17.6
22
56
56
75
89
59
0.96
33
20
30
30
37
37
37
37
37
93
92
80
65
11.7
37
50
74.5
84.6
84
68.6
66.4
35.3
20.3
45.1
60.1
75.5
81.4
90.5
65.4
60.5
34
85.1
88.1
88.6
90.7
116
114
112
107.6
35
76
110
90
122.5
84
52
84.6
64.2
51.4
27.6
90
53
80
29.7
40
47.8
52.5
45.2
37.9
30
24
46
66.5
77.5
72.5
63.5
7
21
35
27
50
45
72
36.8
51.4
53
48.6
47.3
37.1
31.7
25.8
9.53
106.8
102
97.1
93.3
84.8
70
28
8.5
11
15
17
18.5
16
13
8
6
91.3
87.8
73.9
72.1
70.6
93.1
89.8
84.8
76.3
68.3
62.7
60.4
52.4
88.6
84.8
75.1
69.2
62.1
60.1
55.1
89.5
76.8
68.8
60.6
56.3
51.5
94.8
89.8
86.3
72.7
65.9
55.9
49.2
42.4
91.3
86.3
74.8
65.9
54.1
47.4
33.6
95.1
91.3
74.5
65.6
52.1
43.6
31.8
95.1
94.5
86
72.7
64.1
36.6
25
99
90
84
78
71
68
66
47
23
90
88
82
78
74
70
58
10
90
83
83
76
72
50
24
90
83
82
81
77
67
63
54
31
90
81
70
59
49
29
90
81
70
62
44
13
42
45
21
28
12
24
34
21
31
5
52
25
95
96
88
97
88
134.5
13.5
8
85.6
70
92.7
115.9
11
90
80
75
72
62
46
80
73
68
60
45
90
90
84
78
75
86
84
82
80
80
66
57
46
24
88
63
35
88
85
64
41
89
86
77
55
84
78
72
67
59
49
47
116
88.9
62
82
88
89.5
89
88.5
86.5
82
73.5
17
17
16
13
17
17
21
68
89
87
71.5
88
80
94
80
85.5
29.5
28.5
27.5
27
25.5
17.5
16.5
11
32
29.5
27
17.5
15
12.5
10.5
9
26
26
21
33.5
35
85
75
79
85
70
40
8
32
42
103
86
93.1
71
83
98
23
18
18
26
10
23
17
26
23
22
23
24
23
93
92
102
105
121
122
127
122
121
110
100
98
94
98
101
105
104
132
135
134
133
89.9
110.4
89
89.5
95.2
96
96
95.3
93
95.5
94.5
95.5
94.5
95.8
94.3
93.2
95.4
78.4
99.3
105.2
92
7.5
20
14
90
40
78
76
72
56
34
70
79
77
76
70
35
27
60
75.2
20
45
52
25
40
51
11
16
25
35
16
25
35
16
25
40
55
62
30
50
67
74
123
21
18.2
12
8.8
91
125
70
78.6
71.4
83
87.1
58
62.5
9.8
25.9
14
24
29
34
16
20
12
92.4
119
17.5
9.91
34.9
50.4
65.5
72.4
80
81.9
87.5
87.9
86.6
84
16.4
34.5
53
58.2
65.5
71.1
74.6
78.5
77.6
77.2
19
33.6
47.8
51.3
51.7
52.6
54.3
70.3
75.4
75
71.6
19
29.3
42.7
43.1
37.5
32.8
48.7
45.7
49.1
75
65.1
11.6
26.3
41.8
31
18.1
29.3
29.3
40.1
36.6
70.2
59.5
72
53
39
57
40
42
6
60
81
88
84
71
32
42
24
25
37
33
29
25
22
21
21
18
22
20
19
18
15
10
77
38
68
79
90
100
25
70
116.6
116.4
116.8
116.6
117.5
62.5
80
69
46.5
37.5
29
31
28
78
76
39
29
73
90
77
91
81
86
87
81
84
87
87
84
90
88
88
90
90
94
93
93
90.5
93.5
92.6
89
82
83.5
51.5
34
80
74
80
75
78
31
30.5
27.5
27
23
25
24
27.5
8
12
19
20
21
11
10
93
92
122
27
21
21
16
13
30
29
19.5
20
20
18
13
25
25
24
19
20
21
20
17
80
80
78
74
71
80
82
77
73
43
17
28
38
20
20
24
28
90.5
60.5
77.5
75
97
70
89.5
86
85.5
84.5
83
88
88.5
87
84
85
83
82
77.5
76
68
67.5
84.5
74.5
70
57
55
68
72
37
35
34
33
32
32
119
32
36
91
91
91
85
83
82
80
35
30
73
51.6
54.3
30
85.5
84.2
72.4
68.8
46.6
30.8
80
66
49
32
86.5
85
83.5
30
18
38.9
36.1
33.6
31.7
26.8
23.8
31.9
27.9
17.5
79.1
73.3
70
67.2
65.1
85
85.5
31
85
82
87
89
50
82
80
40
74.2
80
85.5
82.5
81
86
88.4
80
72
66
70
86.6
87
85
86
22
14
9
25.8
28
92
92.65
80.6
48.55
36.55
34.8
30
37.43
34.41
30
25.9
21.96
16.6
12.7
33.6
30.82
26.25
24.73
19.85
17.7
37.5
28.5
23.7
19
13.6
37.57
34.61
32.17
29.57
24.86
23.21
13.82
13.05
34.62
31.47
28.26
25.77
22.36
19.61
17.22
14.03
34.44
32.28
29.3
27.86
23.81
20.65
16.04
13.02
40
81
54
28
51
40
56
40
72
94.5
91
77
114
124
128
18
17
32
92
92
50
6
13
19
23
18
60
70
90
93.5
60
60
95
95
95
11
42
47
90
18
32
82
4
83
36.6
57.9
73
82.4
82.5
66.2
75.1
76.9
80.6
82.2
82.4
61
72.2
65
60.7
108.9
83.3
82
80.2
68.6
42.4
78.9
76.2
70.5
53.1
31.5
94
96
97
96
96
96
93.4
97
95.9
93.4
45
45
45
45
45
45
45
34.5
34.5
66.5
96
90
88
78
39.2
88.5
89.3
90.35
88.7
80.5
68.15
54.1
88.5
88
85
70
55
35
10
90
88
108.55
109.05
108.65
109
107.3
108.55
108
108.95
108.5
108.95
108.5
63
118.5
134
24
26
27
29
34
34
38
44
63
87.2
88.5
87.8
109.8
109.9
106.6
105.6
36
88
98
106
112
116
119
96
80
70
72
73.5
78.5
88
90
91
89
80
70
57
84
86
87
78
77
59
22
90
89
79
70
63
70
66
55
43
25
78
63.1
44
14.7
66.1
47
16
21
120
126
128
10
131
133.5
122
123.5
133.5
127
69
62
51
89
78
66
48
35
92
79
41
12
79
38
9
37
55
82
27
43
24
30
33
28.5
20
37
108
108.4
108.4
107.5
107.5
108.2
107.3
60
92
92
93
69
80
93
90
87.5
84.8
81.3
127
110
36
39
48
39
31
18
10
88.2
69.2
56
42.9
32.9
26.4
17.5
4.6
29.4
13.8
2.1
13.5
17.1
34.4
64.2
92.5
72
23
23
93
90
88
30.3
38.4
35.2
28.1
60
87.5
85
80
86
80
70
70
75
81
22
67
88
107
112
111
108
102
35
45.1
37
30
12.8
117
65
131
20
28
28
20
72.5
67
37.5
30
91
81
69
52
50
36
32
88
76
63
50
46
43
83
65
46
42
37
32
72
44
25
23
21
91.1
63.32
64.5
86.3
56.4
35
26.5
31.5
36
33.5
28.5
24
17
15.2
20.2
21.2
27.4
28.3
28.6
28.3
27.8
26.9
24.9
132.52
132.62
132.92
133.12
133.12
132.72
28.7
21.2
17.4
72
83
86
84.5
7.5
9.03
15.1
14.1
15
13.5
12.1
12
8
5.95
18.1
17.1
12.3
15.1
34
38
38
39
6
40
41
42
8
43
38
29
16
28
93.8
95
27.5
73.5
96.8
96.6
94.2
87.2
90.5
94.5
93.8
93.7
94.8
93.7
34.7
96.3
29
33
29
15
35
59
67
78
18
23
24
21
25
25
25
35
48
60
76
45
30
90
82
75
55
15
25
60
62
35
25
90
55
45
20
30
28
22
27
22
30.5
30
28
27.5
26
25
24.5
23
16
20
22
23
23
24
26
28
32
34
34
34
33
32
30
53
45
42
25
74
77
13
14
93.8
89
75
70
89
90
93.6
89.2
80
74.6
61
80
80
78
77
74
92
78
9
12
20
21
15
10
16
13
19
28
50
27
90.3
91.8
93.5
95.2
95.2
89.9
88.4
8.2
19
29
31
31
35
87.1
62
24
31.7
30
29
36
34.1
32.2
30
25.4
23.7
20.6
31.6
29.4
27.1
23
86
78
53
41
26
35.2
14
2
29.5
37
23
14
13
3
92
90
87
80
70
19
20
19
18
17
15
13
12
15
13
10.5
8.5
4.7
5.7
94
83
65
41
73
46
28
29
34
28
29
30
32
32
51
54
50
42
88
91.5
91.5
92
90
90
92
91
91
5.74
10.25
12.2
12.2
6
6.5
7.4
8.7
8.7
11
11
11
11
10.2
10.2
10.2
10.2
8.8
98
94
89
85
89
85
78
96
96
95
96
96
94
96
94
95
30.8
22.6
17.9
10.4
20.3
11.4
8
35
26
93
30
90.9
86.1
81.1
61.5
47
31.1
13.3
72.6
73.3
71.5
61.1
50.4
34
24
4.8
92.87
8
95
91.26
91.47
91.24
91.01
90.75
90.53
89.37
15
41
66
36
55
54
16
26
27.5
77
78
20
110
20
28
76
25
13
33
31
31
35
31
31
91.4
85.4
81.9
80.3
79.5
68.8
67.1
70.6
77.4
74.2
69
60.2
55
64.3
71.5
72.4
66.6
61.5
39
41
39
32.5
44
43
8.02
26.9
34.4
14.7
20.6
26.7
28.4
28.6
36.6
37.4
36.8
31.7
29.8
18.7
86.2
87
84.1
79
63.8
120
116
113
109
106
95.5
104
101
97
90
90
11.4
11.2
10.9
1
84
80
60
79
80
81
83
92.8
85.1
64.3
116.3
113.4
111.5
109
105
119
124
119
117
113
74.5
82.1
84.3
80.4
60.4
55.3
43
14
39.6
52.3
75.3
84.3
84.3
69.4
52.3
42.1
1
89.7
35
93
55
17.2
82
78.1
76.5
80.8
81.4
81
21.8
21.4
21
20.2
19.2
18.8
16.8
16.8
15
11.3
9.6
3.54
3.54
2.71
6.03
5.39
5.4
5.31
4.71
5.51
36
48
72
82
89
95
98
28
53
69
75
82
83
9.6
10.4
13.5
31.7
30.2
31.1
58.2
87
76
85
82
55
62
57.8
34.8
32.2
28.7
26.4
22.3
20
15
13.7
8
7.3
1.2
30.2
28.6
27
25.6
23.6
19.8
17.7
15.7
13.7
11.1
9
5.5
23.6
19.1
14.5
8.8
92.9
91.4
94.2
91.1
91.4
89.5
89.5
89.9
89.7
89.7
30.9
26.4
23.5
18.4
14.4
11.1
4.5
11
9
6.4
5.2
4.5
4
2.97
5
85.49
80
78
68.8
76.8
76.6
75.8
62.8
41.6
54
44
24
66
68
71
73
50
56
62
63
33
40
45
47
14
26
27
34
69.4
37.5
30
45
73
83
30
39.9
45
38.25
32.85
26.5
20
58.5
30
41.3
53.5
62.1
66.9
60.6
54.4
41.3
63.5
69.7
80
72
65
58
30
56
63
68
42
38
30
8
56
16.45
26.05
37.75
28.4
90
88
85
83
80
78
93
10
16
14
10
7
3
65
87.3
32
34
35
33
30
28
25
4.3
13.9
22
32.1
41.2
54.1
67
72.2
0.98
0.43
0.68
1.1
1.17
0.79
1.08
1.14
56
4
5.5
70
70
1.4
68
63
60
57
54
51
59
53
48
43
39
28
18
58
52
46
42
35
8
52.75
68
35
131.5
132
91.5
86.1
81.4
70.8
93.6
27
17
2.8
22.3
16.5
64
68
36
20
35.5
56.3
59.1
62.1
69.2
83.2
92.2
92
91.5
90.5
89.2
84.5
79.5
72
66
53
40
42.7
32
42.4
30.4
25
14
7
9
0.77
1.88
7.2
12.7
18.6
29
30.7
28.8
25.5
23.1
31.2
27.3
26.2
28.3
29
25.6
22.2
14.8
8.71
40
132.9
131.3
130.3
128.7
60.5
69.1
78.2
83.1
84.7
84.1
82.5
39.1
33
29
17
105
97
96
106
74
80
108
81
37.9
36.9
35.9
35
30.9
29.9
28
23.9
15
9.11
120.2
10.2
91
90
92
86
78
22.9
24.3
22.6
15.7
25.2
24.6
24
19.8
16.2
15.6
31.5
62
46
33
10
30.8
26.5
11.7
15.4
27.3
29.2
29.2
5
22
11
16
20
93.1
95.3
89.9
94.2
93.6
91.5
100
105
100
98
96
96
105
40.75
75
80
75
78
37.4
34.3
32.6
31.4
29.6
33
35
31
29
3
5
4.8
60.6
45.3
86.2
83
75.8
90.5
88.6
87
91.8
89.4
87.3
85.9
88.8
87
85.5
84.6
83.4
34.8
30.9
26.1
20.1
30.4
18.1
108
101.3
94.2
88.5
106.5
102.4
92.6
85.5
105.8
97.9
88.5
78
102.8
86.7
76.2
61.6
77.7
66.8
60.1
45.1
54.8
39.9
29.7
19.3
31.6
21.5
4.3
80.8
72.6
67.5
59.9
47.5
42.4
87
86
88
48
30
5
94
94.5
94.2
93.3
89.9
93.3
92.7
91.2
88.2
83.6
93.7
93.5
93.2
93.2
91.3
91.6
91.5
91.2
89.9
87.5
82.9
76.1
68
3.5
3.51
2.7
5.29
6.01
5.42
12
17
17
8.4
9
29
38
23.5
21
17.5
40
32
39
15.5
20
9.34
9.1
6.06
13.6
17.2
17.7
8.33
67
82
67
79
76
70
70
50
121
124
15.9
26.3
26.7
35.3
34.8
35.9
25.6
35.6
25.7
22.7
37
37
37
120.6
120.6
120.2
119
57
74.3
92.2
91
91
84
83
85
86
85
82
81
79
74
18
23
36.7
18.05
38.2
37.8
36.9
11.65
30
43.25
32.2
19
10
21
13
6
11
15
90.9
86.8
63.3
55.8
44.5
39.2
22.9
10
25
21.1
21.1
18.1
9.1
25.1
4.87
34.9
24.2
20.2
43
65
23
1
4.5
30
4.6
4.7
28
32
80
43.5
50
91.6
87.2
83.7
84.2
82.7
80.1
80.6
80.3
43
20.6
23.5
14
7
11
45
38
21
9.76
50
50
17.5
13.5
41
36.3
40.3
32.2
29.2
36.3
29.8
19.3
12.9
29.1
37
37
37
37
37
4.8
4.5
5
4.7
44
20.5
10.8
10.8
31.1
29.6
28.3
26.5
22.1
13.5
14.1
15.6
15.5
11.2
14.8
15.6
16.1
15.3
14.1
15
20
30
40
38
34
25
15
25.5
35.4
47.6
54
57.7
0.58
0.133
0.214
1.42
1.13
0.6
0.46
82.7
46.6
36.1
7.8
73
77
60
18
32
40
41.5
41.9
4.2
2
2
2.1
2.2
3
4.3
4
2.4
32
42
21
27
32.5
39.5
38.5
41
51
60
58
18.6
15.7
115
25.5
13
5.5
31
91.5
78.3
71
50.7
22
13
21.3
23.1
23.6
23.3
23.2
21.2
19.8
15.9
28.7
29.3
21.7
22.5
24.2
21.5
24
19
24.2
23.9
23.6
23.5
30.3
29.75
15
18.2
25
20
8.5
3
84
69.8
44.9
83.9
78
72.5
88
45.2
29.3
19.2
7.3
9.5
34.25
22.5
26
31
36
33.5
32
10
4.2
4.61
4.59
3.94
3.54
4.49
4.38
4.19
3.98
2.99
96
94
93
89
9.8
3.3
4.5
4.4
37
80
29.3
23.71
20.19
15.23
11.97
27.57
22.46
17.64
12.45
8.56
33.54
28.92
26.44
21.02
18.83
6.4
2.16
1.9
1.76
2.89
2.45
3.05
2.91
8.7
10.25
11.7
11.23
3.93
11.4
4.21
3.91
4.81
3.51
2.71
11.7
12
9.6
90
45
45
85
48
42
28
12.9
12.4
12.1
11.8
10.4
8.3
11.9
40
40
40
40
90
70
103.5
111
115.5
107.5
88
86
83
80
71
64
128
25
20
31
36
38
38
24
30
80
8
60
72
75
76
72
60
72
38
44
50
23.5
27.5
32.5
37
41.5
45
47.5
51
52.5
58.5
61.5
34
34
29.5
29.5
30
28
40
47
51
35
35
25
38
35
41
42
42
48
56
15.5
23
44.7
44.4
42.5
40.4
44.8
33.7
44.1
38
47
70
75
50
56
65
71
64
60
26
33
45
12.1
33.4
50.9
51.7
52.9
87.6
35.2
0.048
91
93
9.62
6.29
3.26
48
27.4
36.1
29.3
24.4
15.6
12
93
82
84.2
67.3
62.6
61
32.4
25.8
10
10.5
11
18
16.5
18
15
19
23
19
19
23.5
24
13
25
25
26
27.5
26.5
27.7
28
0.97
91
3.809
3.7452
3.6657
2.3917
2.3861
2.3956
3.4178
4.1596
7.22
3.8082
3.7419
3.7444
4.173
2.51
4.12
5.21
9.65
0.902
7.79
8.035
7.77
7.71
6.07
6.45
0.5173
0.5218
0.5148
0.5115
13.5
17.3
16.4
11.1
29
14.2
9.95
4.98
26.1
11
18.5
9.88
72
84
91.7
92.8
89
67.8
38
35.5
30
24
38.73
6.32
7.5
2.17
1.4
80.05
39
5
2.3
47.5
0.0524
1.04
0.3
0.15
1.3
0.152
0.345
0.97
7.1
9.6
0.9
2.27
0.8
1.55
2.2
0.22
3.838
17
2.95
0.73
0.61
8.5
74
76
60
94
93
95
75
85
74
0.24
2.75
0.6
38.7
6
27
0.48
108
115
117
130
110.5
100
80
37.3
36.5
15
30
39
43
12.1
0.38
2.5
2.62
34
27.5
34.2
35.4
35
34
30
2.5
2.6
2.6
2.9
3.2
2.4
2.4
2.5
8.2
7.7
7.5
7.3
7.69
11
10.5
10.4
10.3
9.4
2.65
3.6
3.7
4.75
4.7
4.6
0.49
1.703
0.855
0.509
0.671
7.172
7.175
45.5
52
61.5
60
53
48
39
70
10
5.03
5.08
11.6
9.97
7.03
15
25
62
98
107
75
75
73
88
61
27.84
37.94
81.6
89.3
73.2
59.7
45.3
70.2
63.5
57.45
52.6
44.62
132.6
133.2
132.7
3.2
3.1
2.3
2.9
3
1.81
1.8
1.79
1.7
1.645
1.528
1.414
1.172
0.903
0.741
33
37.5
40
23
7.15
0.63
8.5
6.95
5.95
3.93
2.86
3.8
4.8
5.2
6.9
9.1
3.6
1.7
5.69
2.2
2.75
3.6
9.05
7.5
2.78
2.74
4.74
5
12
5.2
4.2
2.8
5.1
3.5
3.6
5.7
2.4
5
1.4
3.3
3
2.7
4
3.7
3.5
5.35
6.7
2
0.7
12
8
16.8
26.4
14
26
19
4.1
7.1
6.93
6.71
6.52
6.1
5.6
4.72
3.47
6.93
6.44
6.25
5.96
5.46
5.17
4.9
3.72
36.6
35.9
35.5
35
34
34
65
53
63.5
50
71
73
4.2
2.75
2.72
2.85
3.08
0.76
20
14
20
35
37
38
31
28
28
34.7
32
28.8
17.6
35.9
31.6
25.7
27.1
3.6
2.36
34
34
41
47
53
56
24
80.1
79.7
79.7
91.7
81
80
79
90.9
78.5
71.6
75.7
95
115
115
110
21.2
22
22.3
21.2
22.4
15.4
17.5
0.12
80.5
77.5
76
71.5
67.5
59
48.5
36
91.1
86
75
66.9
49.9
13.9
24.9
22
10
23.6
21.5
20.3
0.37
0.72
0.75
0.23
0.39
0.2
1.6
0.43
6
5.97
17
6.28
9.67
7.33
8.42
4.87
2.2
4.11
8.85
6.41
4.49
9.34
7.04
5
8.54
9.45
9.9
10.1
9.96
9.76
9.26
16.6
15.6
13.6
11.46
0.91
1.2
0.67
0.35
0.41
0.03
0.035
6
11.3
6.5
4.5
2.82
2.5
3.4
19
38
32.3
26.1
33
32.8
30
30
29.9
30
30
24
84.8
66
33.9
79.5
12.3
6.2
7.3
7.7
8
7.2
5.3
4.1
7.65
5.2
3.7
7.2
38.5
37.7
34.2
32
30
38.8
37
36.4
32.9
32
30.7
26.1
25.6
7.6
2.73
3.64
4.55
7.96
8.04
7.56
6.57
6.1
20
128
111.5
109
104.5
100
93.5
79
53
4
7.8
10.16
9
11.8
10.2
13
10
4.1
7.5
2.6
15
33
0.79
0.73
106
110
109
101
99
103
100
103
84.4
78.6
68
58.4
30.3
2.04
1.84
0.79
5.15
2.24
6.5
11.1
2.7
2.45
0.134
0.145
0.86
0.73
0.99
1.9
1.94
1.4
2.56
1.7
1.135
1.93
1.46
7.15
0.65
2.75
3.84
3.7
3.36
3.04
0.14
1.85
0.26
6.1
3.12
2.1
1.5
0.0252
4.14
5.84
6.15
19.7
1.9
19.09
20.46
5.5
6.5
9.7
12.3
14.6
15.1
14.9
13.6
12.2
12.1
15.3
17.6
17.4
18
8.7
10.9
10.7
13
10
0.29
8.9
17
16.8
10
15.2
98
38
37.5
36.5
35.5
4.81
2.8
4.345
4.7
3.7
75
95
25
70
50
3.2
4.1
38
34.6
37
33
23
15.5
6.3
5.25
6.17
6.45
6.55
6.57
6.14
5.35
4.77
1.42
6.2
6.28
5.89
6.23
1.16
1.38
6
35.4
33.15
30.57
22.7
22.3
19.7
16.4
7.6
2.15
51.6
4.55
3.24
2.41
3.46
2.8
1.4
4.06
3.87
3.73
3.8
2.77
4.12
4.12
3.73
3.65
3.06
2.82
4.37
4.03
2.42
2.05
3.05
2.4
2.3
2.1
2.8
2.4
7.4
13.9
32.5
28.4
10.1
11.7
30.8
27.3
9.8
35.9
33
68.7
76.9
3.92
22.5
24.3
24.3
37.8
31.1
7.97
13.8
28.5
7.225
23.5
3.85
98
98
107
75
73
73
75
75
75
12.5
12.2
11.8
11.5
8.81
9.87
10.9
12
12.4
2.8
4.1
8.9
14.7
11.4
20
21
15
4.4
9.73
126
127
129
133
130
2.8
2.5
2.9
1.85
1.84
1.8
1.67
1.07
0.74
15.7
0.6
8.4
6.7
4.4
5.7
5.8
5.85
6
11.62
11.57
5.7
5.9
6.9
19.5
25
0.65
3.9
3.9
6
0.7
4.1
4.7
5.8
6
6.38
26
46
62
77
1.159
1.061
0.541
3.3
0.84
2.3
3.6
57.1
6.6
5.1
2.5
2.9
37.75
8.4
10
7
3.9
84
76
72
27
26
0.95
1.4
2.39
4.15
2.68
39
38
32.5
22
6.87
3.2
2.8
0.77
1.59
0.62
0.75
5.02
5.01
3
3.74
2
3.95
2.95
25
26.8
28
27.4
27
25.7
99
93.3
4.7
3.8
3
3.8
1.3
1.7
1.8
2.8
3.9
4
5.6
2.8
2.6
2.1
7.31
6.18
4.68
3.43
9
8.71
4.43
4.3
3.98
3.82
3.23
4.65
4.23
5.1
2.53
3.71
3.28
1.1
0.9
4.46
5.71
4.91
4.19
3.26
2.26
1.2
5.7
4.6
4.9
4.8
5
5.1
5
4.8
4.7
3.934
3.795
7.62
3.342
1.6
1.14
0.78
0.74
0.54
0.35
5
5.4
5.13
4.88
3.37
3.39
4.615
3.965
3.56
4.35
3.935
3.315
2.18
2.44
2.86
3.57
3.67
3.66
3.72
3.76
3.11
3.73
3.78
3.33
3.57
3.84
3.9
3.79
2.69
3.32
4.12
3
2.77
2.36
3.35
2.96
4.3
3.78
3.47
3.12
2.48
3.47
3.29
3.1
3.32
3.09
2.78
3.65
3.56
3.34
1.92
1.41
2.11
1.14
1.98
2.1
2.24
2.34
2.49
2.6
2.84
2.88
2.91
2.44
2.58
2.64
2.94
3.06
3.17
2.98
3
3.06
2.67
3.18
0.5
5
6.8
3.77
2.92
2.6
2.44
2.31
2
4.4
4.35
4.23
4.8
5
5.3
4.5
4.7
4.7
8
1.86
6
0.68
0.57
0.15
0.03
3.95
4.4
6.2
1.77
1.63
1.62
1.54
1.21
0.75
0.94
1.11
1.5
4.5
3.2
1.2
2.3
4
1.1
3.2
5.84
3
4.7
38.6
37.5
33.4
26.7
0.5
4.8
3.55
5.9
4.86
4.65
3.7
3.1
2.56
0.34
0.52
9.2
4.4
3.732
3.403
4.301
2.38
4.156
4.017
1.18
6.3
10.7
9.9
2.4
8.4
5.2
4.3
2.1
36.6
35.8
33.4
31.5
29.1
32.1
25.6
7.9
36
21
6.9
6.4
0.061
0.51
1.32
1.88
0.189
0.087
1.24
1.23
2.21
11.3
11.9
12.3
12.8
14.7
2.7
2.04
1.55
1.15
1.06
2.6
2.8
3.41
3.51
3.45
0.5
4.8
2.8
4.2
2.18
7.88
2.8
0.43
0.33
0.3
0.5
0.5
2
4.1
3.6
7.1
7.3
4
3.7
3.5
7.61
6.59
4.9
3.72
2.31
1.86
4
7
1.8
2.25
3.3
6.3
4.44
5.26
5.8
7.193
0.214
0.174
0.104
0.068
0.034
10
3.2
1.16
1.15
1.55
0.55
0.5
0.55
1.07
1.14
1.2
1.43
1.36
1.45
1.75
35.5
27.2
21.5
22.9
30.4
22.8
17.1
13.6
8.13
34.7
34
32.4
25.3
38.2
32.7
25.7
35
32
7.1
6.9
7.09
6.97
6.76
6.88
6.44
2.26
1.56
4.4
4
30.9
12.8
1.5
1.43
1.38
1.56
1.38
1.73
1.89
5
3.71
9
8.2
6
5
6.55
5.82
5.11
1.25
2.24
2.17
2.17
2.17
2.17
1.87
1.57
2.35
36.7
35.3
35.1
5.61
4.7
3.24
6.24
10
15
5.18
1
0.64
8.6
7.6
11.5
31.8
29
19.2
9
34
29.5
16
12.9
27
3.3445
3.2945
3.2755
3.2595
9.46
7.11
5.72
4.42
4.02
6.04
5.94
5.86
3.18
17.9
3.72
8.35
0.916
38.81
5.3
3
0.15
1.128
0.88
1.04
1.5
0.066
3.65
1.2
0.96
4.69
2.11
0.64
1.5
0.85
1.95
1.13
7.25
8.28
8.9
7.7
8.3
2.6
0.7
0.095
19.2
1.175
0.763
3.57
2.67
2.32
19.6
7.2
6.5
19.1
5.7
5.8
12.9
19
17.7
1.5
1.658
3.45
0.65
14.1
20.05
18.9
19.5
20.75
5.5
6.45
2.74
1.75
2.45
13.9
13.9
6.16
0.3
2.237
4.38
20.34
20.7
20.29
20.2
1.5
1.7
0.85
1.63
0.84
18.1
18.52
18.8
3.1
13.5
1.3
1.55
14.2
2.1
0.58
12.5
17.45
15.8
19.2
18.06
17.81
8.3
7.1
4.2
17.4
18.6
17.97
0.55
0.39
5.9
5.5
10
18.3
15.4
1.59
3.69
15.7
16.1
3.35
1.85
10.3
1.82
5.1
1.132
0.94
2.29
3.02
9
9
18.07
0.73
0.35
3.5
18.01
8.4
17.98
17.98
18.05
0.41
17.99
0.46
0.6
1.7
4.1
0.78
0.58
0.9
1.2
0.34
10.1
1.84
0.91
2.64
0.4
4.5
0.6
0.22
2.2
3.6
2.7
1.9
1.12
11.2
1.2
11.5
11.22
3.4
4
3.2
2.38
1.25
1.1
0.58
3
4.6
2.6
1.75
4.4
3.1
1.18
12.5
0.92
1.21
0.66
1.92
2.04
4.25
1.62
0.51
7.1
3.6
8.4
3.1
8.3
4.3
5.85
7.45
0.48
6.4
11.2
8.9
8
5.5
7.1
7
3.05
1.81
8.8
15
5.9
9.3
2.5
4
6.6
6
8.25
2.58
4.6
3
4
0.39
0.25
3.4
4.4
6.5
4.7
3.22
1.75
2.2
1.9
2.32
5.8
3
4.5
4.7
4.9
5.1
0.84
6
5.8
6
5.7
5.6
5.7
0.56
1.11
10.1
1.5
6.3
6.7
8.3
8.6
8.6
2.545
0.76
0.88
0.58
2.38
0.72
5.2
1.7
2.3
2.15
1.47
9.7
9.8
8.6
0.57
3.07
9.2
9.45
9.2
9.5
9.67
9.75
9.33
2.3
1.35
1.3
1.37
1
9
1.47
2
9.35
0.49
3.69
8.2
0.53
17.75
18.04
1.4
2.2
4.75
7.95
3.725
3.86
3.845
4.07
4.65
5.05
5.55
4.2
5.87
5.6
2.455
3.57
3.58
3.96
18.01
4.25
4.06
18.12
18.23
4.5
2.25
3.7
8.03
8.05
7.7
7.95
8.15
7.8
8.3
8.63
8.7
8.4
8.4
8.8
1
4
3.74
1.73
4.25
8.5
8.68
8.9
6.9
7
2.2
4.25
1.15
1.45
0.155
1.2
5.7
2.7
3.2
2.06
1
5.7
7.34
3.8
4.2
3.72
0.788
7
2.25
3.77
2.25
6.23
4.4
6.4
6.5
10.5
1.51
2.84
0.87
0.135
12.4
9
14.2
10.6
3.3
4.1
3.2
1.8
4.8
8.3
11
9.6
1.44
0.55
2.1
8
12.1
3.45
10.8
9.26
14.3
3.33
9.5
13.8
10.2
8.9
7.6
13.6
13.8
3.8
1.1
11.2
2.8
9.1
11.1
11.56
12
5.5
17.8
17.2
17.3
17.8
1.3
2.9
10.8
10
2.04
3.4
1.6
3.8
1.98
0.023
1.2
10.35
10.2
11.3
11.2
3.85
10.1
10.5
4.8
5.09
3.26
10.7
12.9
5.2
4.05
3.35
9
8.1
10
11.5
13
11.5
11.5
3.75
14.5
0.517
2.04
1.58
1.7
1.6
1.6
0.145
0.138
0.24
9.55
0.53
2.15
1.7
1.3
1.3
0.53
6.92
3.7
2.4
0.016
0.105
0.16
0.185
0.628
0.78
0.675
3.5
2.3
3.65
7.5
3.34
0.47
0.46
1.5
1.7
4.08
2.6
8.7
1.82
2.6
15.32
6.2
6.18
3.4
4.28
0.046
3.95
0.56
3.3
3.8
3.1
5.8
8
4
2
6
0.71
0.9
0.82
4
1.22
2.89
5
0.34
0.34
3.44
3.9
3.1
3.9
3.9
7
3.95
1.03
2.5
6.95
0.77
0.75
0.168
3.468
3.75
0.072
4.1
3.5
3.7
3.1
6.8
3.3
3.21
5.6
3.6
3.5
5.85
1.4
3.3
1.12
6.5
0.3
11
11.8
10.8
10.9
4.45
1.5
1.65
1.56
2.5
2.7
3.5
4.8
2.45
2
2.43
0.07
0.047
0.067
0.184
0.085
0.041
1.8
6.62
6.8
0.058
1.3
4.85
0.051
2.15
5.3
3.8
3.9
8.5
7.4
4.7
0.75
0.75
0.35
3.9
1.6
8.45
7.85
7.6
3.07
1.083
1
0.17
2.3
5.84
12.7
9.25
0.21
13.6
5.3
8.5
20.3
14.5
20.3
1.35
5.85
13.3
0.76
9.5
9.8
18.2
18.6
5.9
1.74
1.9
2.9
6.33
12.5
18.14
16.89
18.11
4.2
3.55
14.19
15.4
16.8
18.6
3.7
0.6
3.85
0.38
1.68
16.45
14.5
4.7
0.87
6.2
14.3
1.9
6.28
2.16
1.6
1.49
17.82
17
22.1
5.5
4.9
5.3
14.4
1.3
3.3
2.12
0.96
1.4
0.4
3.1
6.7
6.9
6.1
8
7.28
3.2
2.4
3.8
4.2
2.5
4.3
6.6
9.5
17
9.85
8.83
1
0.076
0.065
2.5
1.7
2.69
0.87
7.75
6.6
1.7
2.02
1.73
7.3
5.86
5.61
3.42
3.81
4.154
0.37
9.9
9.2
9.2
5.6
6.9
0.48
0.48
1.39
4
1.7
1.2
3.18
3.27
4.2
1.62
3.05
0.16
8.9
7.8
9.83
9.54
0.7
3.409
3.28
3.888
3.875
4.109
2.8
6.4
16.09
18.26
8
7.6
6
3.38
0.24
4.45
0.7
6.8
7.035
6.36
4.2
3.64
3.69
5.03
7.3
6.9
5.95
16.2
1.06
2.5
4.1
2.1
2.68
2.418
1.25
2.2
3.69
3.625
7.45
2.47
2.89
2.24
0.48
2.32
2.13
0.113
0.78
13.9
3.27
6.5
5.82
6.13
8.7
1.85
8.8
6.7
8.8
0.78
0.84
2.38
2.43
2.3
2.25
2.07
4.75
4.6
9.5
2.4
2.6
0.16
0.34
0.055
0.55
0.4
0.98
2.3
5.5
0.052
6.8
10.2
4
1.7
0.032
0.03
0.046
0.066
0.037
2.46
3
1.18
5.7
0.78
6.2
1.39
1.6
4.3
4.97
2.13
7.23
4.1
2.16
1.61
2.18
3.5
3.82
4.46
4.643
5.6
3.6
6.2
5.5
6.1
4.2
8
5.5
0.46
1.92
5.3
4.07
6.5
3.3
1.35
13.2
1.05
2.2
3.4
2.3
1.6
3.92
7.8
1.02
4.77
8.06
0.84
4.1
2.58
1.62
2.6
1.85
2.5
3.06
5.4
1.57
8.86
5.3
1.48
3.3
6.5
15.92
16.48
1.27
0.49
3.49
7.2
2.2
3.7
1.04
5.5
0.1
0.4
1
1.29
0.88
0.93
0.76
0.92
0.28
2.75
6.61
5.6
2.5
0.56
1.1
0.86
1.2
1.9
2.55
15.5
16.25
2.4
10.1
5
8.58
8
6.38
5.3
4.23
3.47
0.6
0.016
4.1
14.8
12.6
15.2
12.5
14.4
13.2
2.5
5.31
12.5
5.65
5.2
7.6
11.25
5.32
5.6
4.56
4.62
8.8
2.8
3.52
10
11
5.4
14
8.4
9.8
6.5
11.6
11.1
14
10.6
11.8
8.27
6.1
2.97
6.25
6.9
10.5
7
8.7
7.18
3.3
6.6
1.97
15
9.25
6.5
9.89
5.8
6.3
2.1
2.31
3
5.6
14.2
13.4
13
3.3
3.4
2.6
2.95
0.3
10.8
13.4
15.8
12
14.7
14
14
1.34
1.7
1.402
0.125
2.28
0.76
0.11
3.25
4.246
15.2
15.23
14.5
9.12
8.6
5.5
8.9
13.5
16.5
5.1
16
4.75
4.35
5.49
0.26
6.6
17.61
14.72
10.1
17.3
8.5
17.3
2
1.85
2.86
2.52
1.05
1.5
5.93
5.62
0.55
10.7
2.3
8.5
3.8
4.5
4.21
2.5
1.6
2.47
3.5
18.16
2.01
2.66
3.07
3.76
4.21
2.79
3
2.8
8.8
9.8
5.6
2.45
2.36
2.5
2.85
5.5
6.2
12
2.5
1.2
4.8
2.8
4.2
2.4
6.2
2.7
1.5
3.09
7
7.38
6.95
7.3
1.61
2.05
3.05
16.04
8.6
1.95
5.6
5.6
18.3
18.07
15.8
4
17.8
16.4
13.9
8.3
6.5
17.8
2.68
17.5
17.91
2.07
17.2
18.2
18.1
17.3
18.5
7.5
8.87
16.7
5.5
7.4
9.8
14.2
18.2
6.2
12.2
10.8
16.4
17.6
4.65
4.64
4.94
5.31
6.2
6.25
6.8
7.85
8.15
8.42
8.55
8.76
9.41
0.66
1.49
12.8
12.8
12.9
10.9
7
7.6
9
4.465
7.8
1.5
7.8
7.4
9.3
8.99
10.3
9.4
9.8
10.1
10.02
9.61
9.1
7.21
8.6
9.3
10.3
9.7
5.3
7.6
8.5
7.6
6.42
6.2
8
10.45
8.7
10.75
10.75
10.05
11
10.8
4.3
1.5
1.6
0.43
0.35
0.9
3.5
1.3
1.4
9.2
4.9
2.14
1
1.06
0.6
4
3.81
11.8
3.37
5.74
7.7
2.09
1.39
0.46
1.95
4.6
3.5
0.09
2
1.93
0.66
3.35
7.5
2.4
7.8
5.6
3
4.7
0.9
1.5
2.2
3.02
3.81
4.4
5.15
5.04
7.2
2.8
3.01
11.1
7.195
2.76
4
14.75
16.6
1.85
7.17
3.752
7.05
7.75
7.45
6.28
6.6
3.11
1.32
2.66
7.12
0.23
4.72
4.1
3.8
5.8
6.43
6.43
6.73
6.88
6.98
7.06
1.25
1.66
1.63
9
9.85
8.56
3.7
1.65
1.71
1.65
0.76
4.6
0.41
0.64
0.41
0.93
2.2
2.3
0.42
0.66
1.2
1
1.67
4.9
1.32
1.85
1.89
1.77
1.69
2.2
2.21
2.25
3.85
0.76
3.34
0.59
0.4
1.45
1
0.37
0.88
2.1
4.3
7.5
0.082
1.57
1.7
1.45
1.76
3.62
3.2
1.58
0.58
1.3
1.58
6.78
2.23
2.3
1.93
7
1.696
3
0.76
0.82
0.9
2.4
4.6
6
9
2.2
4.52
9.4
6.8
9
6.6
4.7
6
1.3
0.92
5.8
3.5
3
7.4
6.8
1.83
8.1
9.7
8.3
0.49
1.51
2.3
7
2.35
2
6.2
0.6
6
1.8
1.4
3.4
2.9
2
2.6
3.5
4
4
4
2
11
11.25
11.36
7
2.7
0.65
1.48
1.07
0.56
7.3
3.37
1.075
5
1.07
2.24
0.493
11.4
11.2
10.4
11
11.1
9.5
9.6
3.9
5.7
2.4
2.42
5
5.7
4.67
7.5
5.2
1
4
4.2
3.75
3.8
1.56
2.85
4.5
1.9
0.8
1.6
2.96
3.9
3.7
0.32
0.11
0.08
1.74
2.63
0.8
5.2
5.2
7.2
5.47
0.72
3.642
16.86
16.95
17
17.1
15.8
16.95
14.55
0.55
2.5
1.9
3.7
2.8
6.4
6.2
8.35
2.84
14.38
7.51
14.5
16.6
16.65
8.9
2.8
2.35
2.65
7.86
4.463
0.92
3.722
7
3.8
1.7
1.5
4.17
4.49
6.41
8.3
11.07
11.24
11.32
10.99
7.46
5.7
1.4
0.4
2.05
2.078
7.6
9.7
10.4
12.8
7.52
6.09
7.2
7
7.07
6.14
5.3
4.382
4.7
6.3
2.7
1.38
1.45
2.4
2.332
1.03
1.35
1.65
1.23
1.36
7.6
6.6
7.8
8.3
9
8.5
8.6
1.52
6.3
0.857
2.5
0.013
3.2
14
5
4.84
11
8.8
7.77
2.2
6.26
15
18.3
9
9.3
4.7
8.9
17.77
5.8
0.7
1
5.6
4.6
4.5
1.63
2.53
5.8
3.55
5.05
0.16
0.13
9.65
7.1
16.7
3.5
7.1
5.3
5.2
3.722
4.28
3.9
8
4.3
3.6
3.3
4.86
3.88
2.8
2.5
4
15.6
7.7
3.3
6
3.12
2.8
0.5
4.28
1.2
2.84
1.34
2
1.3
13
13
2.12
6.1
8.25
6.2
8.6
2.2
0.66
6
3.75
2.45
1.02
1.2
4.4
1.88
2.11
2.11
2.56
2.3
4.07
1.85
1.89
1.53
24.761
1.6
1.39
1.34
1.6
0.012
0.21
0.1
0.172
1.4
1.25
7.2
0.1
0.1
0.38
0.2
2
3.37
7.9
4.7
2.4
9.8
7
1.9
4.04
5.12
4.9
4.9
5.2
6.26
6.55
1.78
1.3
2.1
2.35
2.15
2
5.27
3.73
0.41
1.2
1.4
1
4.9
4
8.8
4.1
0.43
0.7
1.03
2.4
4.2
4.3
4.8
6.8
1.67
1.83
1.84
10.5
0.05
8.5
7.2
4.5
9.7
7.85
2.86
4.75
4.3
5.1
1.46
4.75
6.78
2.2
1.21
2.02
1.21
3.7
1.5
4.42
6.3
1.02
2.3
2.95
4.25
4.75
16.6
1.28
2.7
3.7
2.8
3.76
0.34
0.78
1.7
3
3.07
0.75
2.38
3.2
4.1
5.1
4.12
5.1
5.71
1
0.7
1
2.2
2.78
12.8
8.8
13.2
10.9
11.9
4.54
5.1
5.59
10.4
14
16
11.3
15.6
16.6
14
10.6
8.1
7.5
16.4
2.9
13.4
4.7
8.1
7.4
8.6
7.8
9.4
10.5
10.7
13.3
10.1
11.2
14
16.12
14
13.4
7.5
7.8
10.5
6.4
9.8
9.7
12.85
6.1
7.2
8.7
11.9
8.4
10.1
10.8
9
11.5
11.7
12.6
12.3
13.5
6.4
9.9
14.2
9.8
7.4
5.5
14.7
6.9
13.2
6.9
13.1
11.5
11.2
10.2
17.8
18.1
13.4
1.6
2.9
3
4.6
5.1
6.5
8.4
3.7
2.8
11.9
11
10.8
9.5
6.6
4.6
6.8
8.2
14.3
13.1
14.6
16
17.9
10.8
16.4
17.6
17.8
2.73
4.2
4.9
8.3
11.4
1.96
2.28
16.1
14.6
13.6
16.3
15.1
14.1
16.9
14.6
18.4
17.9
18
18
17.6
6.8
10.5
12.4
15.8
18
7.6
12.6
16.5
1.9
2.7
2.52
2.53
7.3
7.3
12.6
11.7
17.2
1.7
2.3
2.39
2.42
2.55
2.49
2.5
2.44
2.42
2.42
13
6.2
12.2
9.6
8.9
7.9
7.4
6.25
5.1
2.8
2.53
2.52
12.7
10.9
8.2
17
15.2
12.5
13
13.3
16
13.9
14.4
13.3
0.066
16.2
15.94
16.4
16.5
7.8
9.4
7.15
1.2
0.4
2.67
0.85
2.4
6.5
20.7
12.6
1.46
9.8
1.17
1.3
0.77
0.48
1.2
0.84
3.41
0.03
0.46
1.39
0.44
0.85
0.4
0.32
3.5
0.7
4.25
5.7
5.3
12.5
5.4
0.74
5.82
2.58
0.42
8.2
4.1
9.62
9.5
1.25
3
1.7
4
5.3
5.05
8.5
8.5
7.35
3.05
0.7
2.47
3.7
4.2
4.15
0.75
5.6
4.8
4.5
6.1
6.6
5.5
3.4
3.7
1.51
7.7
7.5
7.6
1.3
12.2
6.5
9
0.39
0.55
5
7.8
7
4.2
12.5
6
14
9.8
7.5
8.5
8.7
8.5
1
6.7
4.6
2.04
9.7
11
5
1.3
2.54
3.65
4.2
1.77
1.7
6.4
7
1.4
6.15
2.5
0.35
6
4.6
0.84
0.4
1.4
0.35
0.34
2.02
3.3
0.5
0.45
0.83
0.76
0.59
3.75
2.9
6
6
1.43
1.38
9.15
6.3
4.24
2.81
7.83
7.38
11.3
8.9
0.85
5.8
4.2
6.6
3.62
3.26
1.25
4
9.75
3.86
3.27
3.18
2.76
3.223
3.5
1.02
5.5
4.8
0.7
6.65
3.45
3.6
9.8
1.9
6.8
2.98
0.65
2.07
2.4
2.3
5.5
7.9
2.32
4.49
1.39
5.4
1.5
0.5
1.09
1.98
8.6
6.5
0.54
7.2
1.66
9.5
10.6
6.35
0.01
3.52
6
10
4.27
1.8
2
2.95
4.18
1.3
7.2
0.56
3
9.8
2.9
1.17
12
13.8
11.3
2.43
3.73
4.21
2.49
1.89
2.6
18.18
18.05
2.2
5.15
5
5.7
2
2
0.58
0.47
0.05
0.12
1.98
1.52
10.8
10.8
0.35
3
6.73
6.43
5.24
5.19
1.3
1.22
1.65
3.75
7.06
6.98
6.88
2.3
0.9
1.26
2.87
1.36
0.88
5.12
6.6
5.8
10.8
0.38
1.3
3.5
2.5
9
16.4
15.8
14.05
17.1
3.76
5.2
5.8
6.5
11.7
2
7.88
7.52
1.25
1.2
4.3
2.9
1.3
2.87
8.8
2.16
5.9
5.3
9
0.01
8
3.9
3.68
6.75
2.95
10.6
16.97
17.8
17.9
15.8
16.1
16.1
7.5
7.4
7.2
1.2
1.2
1.38
1.68
7.5
7.9
12.7
10
9.7
9.8
10.2
10.2
8.3
7.5
7.5
7.7
7.7
7.2
7.7
1.449
3.478
7.4
7.5
7.8
5.3
8.8
9.9
9.9
10.3
10.4
10.1
10.1
7.1
7.4
8.6
8.4
7.85
7.55
7.3
8
7.7
7.1
4.505
4.5
5.5
7
7.7
4.3
6.8
7.4
7.3
6
6.7
1.82
1.92
4.13
5.02
2.29
6.2
6.9
6.9
4.6
4.55
4.51
7.355
6.377
5.523
3.02
10.3
10.8
10
5.5
10.5
6.3
7.05
12.7
10.2
11.3
10.5
8
8.5
7.6
15.5
10.5
6.5
10.5
12.3
15.6
14.8
16.6
11.1
10
5.8
15.3
10.3
15.6
23
10.2
14.5
11.5
9.8
7.76
6.7
12.8
8.7
7
13.4
10.2
8.2
6.2
15
24
16.3
14
12.1
12.1
11.8
11.8
22
10.2
6
5
1.6
2.3
3.3
2.07
0.508
2.82
2.4
5.04
7
7
13
4.02
3.98
3.95
3.86
3.15
10.3
2.8
2.4
11
10
25.5
13
3.5
21
10
2.6
4
4.8
5.3
13.8
8.5
8
7.9
6.6
5.8
5.9
6
5.9
5.85
6.23
6.23
15.9
11.8
7.5
4.3
2
2.5
4.3
6.2
3
3.14
2.88
6
8.6
10.8
8
11
11
4.3
8.5
9.5
12.1
14.3
14.7
13.7
13
11.5
10.8
10.6
10.5
10
12.7
11
8.1
4.6
2
9.4
10.25
11
6.6
14.048
13.635
10.43
2.75
11
6.2
5.8
15.4
15.7
15.48
23.32
3.8
13.8
11.6
10.9
10.4
10.1
14.3
6.8
15.45
10.5
16
13.8
11.6
10.2
9.3
7.6
7.5
10.4
10.9
0.75
15.76
8.67
10.96
10.88
30.5
3
12
15
15
2.96
2.94
2.6
3.3
3.38
1.2
14
8.8
4.8
6.72
4.51
10.6
8.2
6.6
6.2
5.1
15.6
12.3
10.5
7.5
6
3.8
2.9
2.6
10.3
9.2
8.7
7.7
5.9
4.4
3.2
1.6
9.2
7.2
4.2
2.6
7.2
5
4.8
3.7
2.4
4.6
4.1
3.1
2.1
16.1
2.8
2.2
14.91
15.75
9.5
4.9
13.2
22.6
7.1
5.9
4.9
6.51
2.3
0.6
0.7
1.32
1
0.97
30.8
7.8
7.1
1.2
1.61
1.74
1.72
1.64
1.48
1.09
0.68
2.48
2.36
2.32
2.23
1.93
1.87
1.42
0.42
4.5
1.85
1.8
6.28
6.13
4.52
2.4
6.1
1.48
2.6
1.92
3.16
91
3.13
1.3
2.25
3
6.62
7.44
8.56
2.4
18.7
16.9
7.1
3.9
16.84
18.45
18.2
5.9
6.7
5.9
11.6
2.4
3.4
4
7.7
1.8
11.7
13.7
6.8
1.8
13
13
10.7
2.8
18.7
17.9
9.9
18.4
18
19.7
17.4
14.6
19.8
19.1
17.6
16.6
14.8
13.6
18
16.5
14.4
17.7
16
15
13
11.5
9
18
17.2
16
15.2
15.5
13.8
12.3
17.7
16.8
15.4
14.5
17.2
15.6
14
18.4
18.1
18
17.8
17.6
17.6
18.6
18.5
18.4
18.5
18.4
18.4
18.8
19
19.2
19.2
19.1
19
19.3
19.6
19.8
20
20
20
19.9
19.8
20.2
20.2
16.3
13.3
20.7
19.8
17.8
17.8
19.8
19.8
17
14
11.2
11.1
10.8
8.8
6
31
20.9
5.2
2
2.7
0.59
3.9
3.71
3.42
3.27
3.04
2.76
2.56
2.29
2.04
1.73
1.42
3.2
2.03
1.5
2.9
3.3
3.9
0.49
0.65
0.7
0.73
0.0019
0.00104
5.05
3.85
3.58
1.04
4.1
19.1
19.45
19.1
16.5
20.26
20
19.8
20
19.8
21
17.9
18.6
20
20
18.5
19.7
18.6
19.2
19.7
19.8
19.7
17.4
17.88
17.9
15
20.1
18.7
17.1
16.4
15.4
15.4
14.6
17.4
6.5
0.25
0.31
11.1
7.9
10.6
1.5
10.8
10.56
10.56
5
7.6
11
11
11.08
11.23
12.9
12.8
11.8
6.5
10.95
5
12
10.5
11.2
9.8
13.45
19.9
20.1
20
5.2
4.15
6.2
15.7
19.4
4.05
16.7
6.05
21.2
6.12
6.281
21.8
3.9
15.3
14.1
12.4
11.8
10.6
9.4
8.7
8.1
14.9
13.6
13.1
7.77
11.5
10.6
9.7
8.6
17.6
18.55
17.2
18.3
18.25
17.5
17.3
10.6
9.9
9.4
9.7
9.8
12.1
12.7
12.22
12.1
11.673
15.4
13.7
12.2
11
9.85
9.17
8.1
7.92
18.2
17.3
16.2
15
13.1
11.6
10.3
15.2
11.2
7.79
7.1
6.03
5
15.6
11.2
8.87
7.42
5.97
5.53
17.5
18.4
17.9
17.4
10.2
6.2
19.8
17.11
19.7
19.6
20.4
20.7
20.4
15.9
9.1
7.4
6.4
12.5
6.03
2.97
4.59
5.93
10.5
29.6
0.62
11.8
9
17
12
8.5
13
11
8
6.39
2.48
3.9
9.5
41
37.4
37.4
32.1
39.2
40.2
39.4
40.25
40.23
40.21
0.37
0.17
16.01
15.56
14.9
14.68
15.45
11.73
15.41
14.42
13.48
12.54
11.43
10.02
9.03
5.04
16.2
0.21
0.2
0.1
52
41.5
4
2
1.8
2.9
6.9
3.02
6
2.75
1.9
2.26
3.07
5.99
4.7
3.48
0.26
2.1
39.5
7.3
8.4
7
6.8
6.3
6
0.15
0.62
0.43
0.22
0.64
4.7
6.3
14.25
10.65
37.5
36
36
8
14
21.8
24.4
26.4
29.4
31.3
29.6
12
2.5
2.2
1.6
3.3
3.3
3
2.8
2.6
2.41
39
14.7
18
5.4
0.395
6.44
5.95
5.71
1.4
1.8
2.15
2.15
2.2
6.95
2.55
3.5
2.4
1.4
1.7
1.25
1.95
8.6
1.95
2.1
8.45
0.47
0.39
0.67
0.074
8.2
1.51
14
3.5
4.4
37.3
0.62
0.84
0.62
14.2
8
39.6
38.3
37.2
36.1
34.8
34
1.6
40
0.29
37.3
37
35.1
33.5
33
32.4
27.1
12.2
36.2
34.5
33.3
32.3
30
5.5
5
0.72
0.79
0.677
7.2
8.2
7.7
29
27
24
23
19
6.1
4.7
4
4
12
2.5
2.5
19.2
19.6
11
20.3
19.4
17.1
11.6
9.6
8.3
7
15
38
38
38
38
37.8
37.5
37.8
37.8
35.7
34
33.7
31
16.18
15.48
12.7
8.7
5.7
16
39.1
16.5
12.5
14.7
40
27.5
28.5
29.5
29
0.84
3.32
3.05
2.61
2.19
1.73
1.36
0.47
38.6
38.5
38.3
37.8
37.5
37.6
2
7
115
80
50
3.2
7
5.8
3
5.1
10.3
2.3
12
5
11
9.5
15.5
15.5
12.2
4
10.5
1.4
1.42
1.57
0.82
0.87
0.86
1.29
2.23
0.2
4.8
8.15
5.92
8.4
6.7
6
6
5.6
10
3.9
4.1
0.71
0.65
0.32
0.76
3.5
0.74
0.95
7.3
6.3
3.38
5.4
2.25
32
2.17
1.89
2.5
1.13
4.71
5.28
5.57
6.23
6.47
5.79
6.79
37.3
37.3
9
35
38.4
36.3
34.7
30.8
28
24
14.6
12.9
12
11.1
5.1
10.5
6
8.5
9
7.5
3.9
3.9
25.3
22.6
21
18.2
14.4
14.4
14.3
14.1
14.1
23.6
22.7
19
16
24.1
22.2
14.2
23
8.5
8.74
14
12
7.7
39.3
35.5
34.5
34
31.5
33.5
36
34
32
2.6
4.16
0.38
12
10.6
5.2
4.3
7.63
5.9
5
4.68
4.43
4.85
7.6
36
32.9
20.9
8.3
37.9
2.4
5.8
0.39
2.12
3.9
3.3
3
2.5
5
3.2
4.3
2.5
9.8
6.5
3.8
8.3
1.9
3.3
3.72
3.74
6.06
6.09
6.54
7.64
7.9
7.68
7.95
3.9
2.84
15.2
11.3
5.3
2.7
8.7
9.8
11.7
2
2.1
1.6
7.2
1.4
2
1.4
4.3
5.4
6.2
7.8
9.99
1.34
2.22
2.66
4.62
2.82
1.88
1.65
1.33
12.34
12.7
7.44
6.1
3.51
7.6
5.6
2.78
1.57
8.7
8.6
3.9
1.7
2.3
3.9
3.6
1.36
4
1.3
1.3
1.76
5
8.54
8.46
3
3.76
2.62
8.68
1.51
1.773
1.79
1.17
1.378
1.355
1.668
1.63
1.587
1.615
1.587
3.04
2.98
3.07
3.21
3.06
1.9
1.83
1.48
2.67
3.45
3.01
2.92
3.09
3.01
4.64
6.41
7.37
4.38
3.08
8.92
1.4
1.4
1.3
13.5
12.7
10.6
8.4
5.4
4.3
3.2
3.64
4.92
7.13
3.54
12.3
12.2
10.2
9.2
8.7
7.9
7.1
6.7
6.3
6
6.38
6.3
5.83
5.45
5.03
4.48
6.3
6.66
6.69
6.23
5.88
6.33
6.52
6.49
6.39
6.21
5.69
5.43
3.7
6.2
11.3
10.8
5.8
10
10.5
13.4
11.8
14.4
12.6
13.3
2.74
1.89
1
5.72
5.68
5.52
4
4.5
5.77
8.23
3.91
3.88
5.9
5.8
0.62
0.65
0.54
0.37
0.27
0.2
0.19
38.1
5
10.1
7.2
9.27
9.22
9.19
9.19
8.8
9.93
10.67
9.82
10.45
9.85
10.35
11.2
11.1
10.5
10.5
10.05
9.6
7.9
7
6.4
6
5.8
5.5
10.7
8.25
4.7
4.4
4.15
3.85
3.7
3.25
2.85
2.3
2
2.2
1.3
0.64
0.64
0.97
1.6
0.72
0.43
0.52
39.8
0.3
8.2
3.77
7.8
8.61
1.17
1.26
1.6
2.08
2.59
3.66
4.38
5.26
2.04
3.5
1.72
8.5
10
10.5
10.2
10
11.5
4.3
3.5
4.2
4
1.97
6.42
6.42
6.14
6.35
4.68
1.6
36
50
2.08
37.7
2
1.4
12
0.65
15.2
12.1
31
3.59
3.5
3.4
2.98
2.58
3.17
3.67
4.24
4.73
5.1
5.04
4.75
3.52
8.14
8.11
7.92
7.51
5.74
4.2
3.9
15.8
7.8
5.1
4.6
4.5
4.4
5.21
6.63
5.57
4.05
9.1
13.7
12.1
4
2
2
11.3
9.2
8.3
11
7.84
6.15
5.63
4.8
8.53
7.89
6.61
5.86
5.91
6.02
5.91
5.86
6.2
15.96
11.77
7.54
4.35
3.59
2
2.47
6.35
6.26
10.8
0.4
2
1.62
1.2
0.5
0.4
0.15
3.58
2.27
2.2
14
12.3
10.6
8.1
7.4
4.2
4.2
2.25
13
11.2
9.3
6.64
4.84
22
6.4
17
20
16.3
17.2
17.5
16.4
17.3
17.8
17.7
15.6
17
17.4
17.9
37
30
21
16
17.6
38.14
38.11
38.05
37.8
37.58
12
0.75
28
7.63
14
7
1.82
5.5
5.5
38.9
37
34
0.02
37.6
36.1
29.6
22.1
5.85
10.4
10.4
9.92
10.1
10.3
10.7
11.8
1.3
3.5
6.1
2.7
38.2
38
37.2
36.9
36
38.3
38.4
38.4
38.6
38.6
22
38
37.3
36.8
36.4
35.8
38.4
38.4
37.8
38.3
36.2
36.3
34.2
30
29.2
24.9
26.2
26
0.000325
0.00021
0.00138
0.00062
0.0005
0.031
0.077
0.016
0.0065
0.0111
0.0164
0.0256
0.0423
0.0641
0.0154
8.2
33.2
28.1
18
15.05
12.3
14.8
13.65
2.9
16.7
7
8.2
3.9
7.9
5
3.3
4.8
5.5
4.2
0.38
2.23
0.43
6.6
7.69
7.42
7.29
7.2
7.1
8.58
8
6.88
7.4
7.9
5.3
3.3
1.66
31
25
18
12
35.5
30
24
13.5
2.5
13.8
5.95
37.8
31
25.1
16.1
37.8
29
7
15.7
16.5
11
14
5.4
7.4
6
4.16
3.2
10.2
10.3
7.84
6.36
4.28
3.45
2.91
6.84
4.12
25.6
24.5
8.07
7.2
1.4
1.84
3.76
2.1
2.32
1.67
1.07
0.38
3.5
1.1
0.75
7.3
3.7
10.8
3.1
1.83
1.68
1.58
1.53
1.44
1.05
1.14
0.8
0.76
0.81
0.84
0.97
1.04
1.16
8.7
6
4
5.5
38.5
38.5
34
28.6
7.5
6.5
7.5
6.8
6.1
1.25
8.04
36.5
0.75
1.19
0.67
1.37
1.75
4.46
1.05
1.5
1.19
0.6
1
1.94
0.69
1.49
3.18
2.8
3.68
1.11
1.18
2.54
8.1
7.1
6
5
4
3.91
3.12
2.8
2.28
8
22
19
19
15
15
15.2
15
15
13.4
11
10
15
15
14.5
14.3
11
15.2
15.2
15
14.4
13.5
18
8.7
38.2
7.3
14.2
1.5
2.7
2
14.2
12.5
11.7
7
3
2.7
0.6
1.25
38.5
37.9
36.2
15.1
14.8
14.5
15.2
15
14.5
14.9
14.8
15.2
15.1
13.3
10
9.82
8.72
8.81
8.77
8.72
8.77
8.77
8.48
12.9
11.5
7.13
6.54
5.6
4.78
4.51
3.73
3.45
3
3.24
3.34
4.05
0.63
6.06
9
8
7.007
3.96
1.88
1.41
3.65
0.22
0.94
0.9
0.82
4.75
5.08
4.6
4
1.7
2.3
2.2
0.51
9.8
9.2
0.9
2.4
2.1
0.8
1
6.4
40.36
39.36
6.8
6.8
5.8
4
9.25
9.45
9.55
9.2
13.9
13.8
13.3
13.05
12.6
12.2
11.4
11.7
12.1
9.4
11.5
12.3
9.4
10.2
9
12.1
12
11.8
16.9
13.5
13.3
12.6
11.7
11.8
11.1
10.4
9.8
10.3
9.9
14
10.4
10.6
9.7
6.6
6.5
6.4
6.4
7.6
8.6
8.9
10.3
11.4
10.8
11.7
11.3
11.2
7
5.4
5.5
5.5
2
3.4
4.3
5.1
6.1
6.4
3.229
1.996
1.425
5.3
4
2.61
2.82
3.04
2.79
2.13
3.8
3.62
3.4
3.4
3
2.7
5.4
4.74
3.5
2.4
1.93
0.27
0.35
0.47
0.596
18.4
19.5
19.8
19.9
19.7
17.4
18.5
18.54
18.7
18.5
18.3
18.1
16
18.1
17.7
17.3
16
18.3
17
16.5
16.4
18.1
18
17.7
16.1
18.1
17.8
17.8
16.8
15.8
15.7
16.1
16.1
17.1
18.1
16.1
16.2
16.3
16.4
15.3
7.29
7.214
7.213
7.214
7.134
7.109
7.124
7.135
4.51
2.52
4.92
4.55
3.32
9.45
8.2
7.01
5.58
7.98
8
8
7.63
7.07
5.13
2.6
3.94
0.92
0.71
0.59
0.31
0.22
0.645
0.51
1.78
1.7
3.02
1.26
3.21
1.09
0.91
1
2.45
1.82
5.09
1.94
5.1
4.28
3.19
2.61
7.25
5.32
8.86
9.46
10.3
10.8
10.9
10.7
8.24
7.63
6.72
4.57
2.67
5.89
6.3
7.46
5.15
2.93
1.88
7.69
6.28
6.68
5.98
5.38
4.42
3.5
2.85
1.95
5.08
8.31
9.48
9.6
9.52
6.66
4.66
1.37
1.57
1.36
1.01
4.11
4.11
4.17
6
7.82
6.84
5.54
0.38
2
3.3
1.2
1.1
0.83
0.78
2.48
4.68
5
2.06
6.26
0.88
1.9
1.36
0.37
0.1
0.71
0.5
0.155
0.095
0.045
0.03
0.165
0.054
0.018
4.92
4.74
4.45
3.85
4.75
4.66
4.06
2.95
5.2
4.82
4.49
4.05
3.31
2.83
2.36
1.96
1.73
4.57
4.21
3.16
5.1
1.31
2.29
3.49
1
0.9
1.81
0.25
0.12
0.13
1.91
0.91
0.1
0.03
0.4
0.32
0.27
0.25
0.2
0.09
0.44
0.36
0.2
0.38
0.27
0.18
0.11
0.4
0.43
0.29
0.21
0.41
0.28
0.21
0.18
0.18
2.86
1.92
1.26
0.57
0.14
4.35
2.28
1.33
0.62
0.18
6.24
5.27
1.21
5.18
1.72
4.22
1.27
5.2
1.2
5.51
1.58
5.28
1.38
5.94
1.44
2.1
4.4
3.6
1.1
3.4
3.1
2
4
3.3
2.1
2.8
3.05
3.5
4
9.2
8.5
7.92
6.92
6
5.04
4.3
3.48
2.71
6.4
5.94
3.76
3.63
5.23
4.65
4.5
3.79
0.62
2.53
3.74
5.18
5.31
5.5
5.59
3.59
1.67
1.52
1.63
3.407
3.396
3.342
3.427
11.9
10.5
9.5
8.7
16.7
10.7
7.2
5.6
3.8
3.4
7.19
7.181
7.173
7.15
7.075
7.061
7.025
3.73
3.726
3.726
3.887
3.938
3.73
4.25
4.36
4.07
3.23
2.73
2.27
1.61
5.71
6.61
6.85
5.6
4.21
3.3
2.78
1.86
1.36
3.61
3.67
18.3
18.3
18.25
17.97
18.24
18.19
17.04
18.28
18.2
16
17.84
18.06
19.9
16
18.3
16.4
17.65
17.8
15.75
15.4
18.1
16.1
16.2
16.3
2.38
2.79
2.77
2.51
3.88
3.64
2.01
2.13
2.92
1
4.15
5.25
1.56
0.07
2.34
1.9
1.95
12.15
8.58
6.76
5.46
5.86
4.71
12.33
8.15
10.58
13.32
1.21
2.95
1.72
2.8
2.52
1.49
2.95
3.5
4.18
2.33
3
3.08
3.67
2.84
3.8
3.5
2.2
4.69
3.38
7.5
6.79
6.08
5.32
6.58
5.57
4.72
6.23
4.49
1.43
3.94
1.69
13.8
15.2
16.1
15.1
13.2
10.5
6.48
4.41
13.7
12.3
10.2
7.33
6.05
5.47
7.12
3.88
1.86
1.86
2.92
7.91
13.7
5.05
3.4
3.77
4.51
5.1
5.65
6.2
6.43
6.95
8.85
9.11
9.49
9.49
9.54
9.73
9.97
8.98
8.85
7.83
3.61
2.6
6.7
7.4
4
2.9
5.8
4.643
3.959
3.127
1.608
1.602
1.248
0.907
0.632
2.582
2.108
3.625
3.655
3.766
3.677
5.3
7.4
7.4
8.9
8.5
9.8
10.6
10.2
0.0167
0.0376
1.18
3.66
3.669
3.743
3.628
3.644
1.5
1.16
0.8
0.55
6.55
5.49
4.18
4.09
3.3
2.58
1.88
1.34
0.8
0.37
1.1793
2.97
3.45
3.64
2.52
2.48
2.39
4.94
3.28
4.37
0.11
0.142
0.22
0.34
0.66
1.7
0.112
0.61
0.48
0.73
0.107
0.133
0.168
0.29
0.5
0.107
0.125
0.162
0.23
0.41
0.11
0.115
0.147
0.26
0.102
0.115
0.138
0.172
0.06
0.116
0.127
0.15
0.125
0.067
0.11
0.105
0.11
0.13
0.142
0.18
0.075
0.06
0.028
0.03
0.026
0.069
0.05
0.047
0.032
0.035
0.6
0.55
0.25
0.13
0.08
0.4
0.28
0.27
0.095
0.064
0.095
0.14
0.22
0.35
0.05
0.038
0.1
0.55
0.21
0.095
0.096
0.22
0.16
0.46
0.37
0.055
0.033
0.05
0.064
0.02
2.23
2.2
6.47
6.49
5.6
7.9
9.7
9.8
5.9
5.7
5.8
1.697
1.84
3
2.014
1.937
1.968
1.807
1.695
1.79
1.67
1.54
1.35
1.18
0.94
0.8
0.73
0.7
0.62
0.478
0.47
0.569
0.584
8.95
7.7
7.55
6.51
5.25
3.92
3.68
2.4
1.24
0.7
0.48
0.03
4.81
3.36
1.49
0.76
4.33
2.69
35
27
20
1.8
39
30
6
6.91
6.72
6.5
3.49
2.8
2.14
12.7
3.4
1.15
1.25
1.56
4.3
8.8
7.31
7.21
7.4
7
9.1
4.4
0.2
1.694
1.844
1.876
2.12
2.53
4
4.74
5
4.91
2.64
10.9
9.23
9.03
8.5
8.1
7.85
7.33
6.13
9.25
9.21
37.9
9.05
8.99
8.9
8.74
8.56
8.32
8.18
7.78
7.53
9.273
9.226
9.079
7.49
6.86
10.6
10.6
9.7
8.3
4.47
4.47
4.54
4.67
4.48
4.425
4.51
4.76
5.72
6.54
5.17
4.3
4.03
4.25
4.9
5.76
6.95
9.18
4.47
3.58
2.73
3
3.58
4.33
7.42
6.8
5.93
5.15
4.58
5.32
5.15
5.07
4.78
4.57
3.89
6.71
6.03
5.58
5.42
4.8
4.08
3.66
1.89
4.52
3.28
2.61
1.48
3.82
3.29
2.11
8.6
9.45
10.3
1.86
10.4
10.7
18.1
16.5
15.8
14.4
16
18
17.9
16.4
15.6
18.1
18.1
17.9
17.7
17.7
17.7
17.1
15.9
15
18.3
18
17.3
16
14.1
9.1
5.4
4.55
4.45
1.53
6.35
7
7.17
7.02
7.05
6.75
4.86
3.734
9.16
9.27
9.26
9.18
9.19
0.8
0.64
0.54
9.23
9.02
8.87
8.76
8.4
8.08
7.17
6.56
4.1
5.9
1.75
16.7
4.8
5.6
9.64
6.13
6.3
5.34
4.36
5.45
9.65
9.58
8.56
4.46
4.34
4.6
5.42
0.72
0.47
0.7
7.83
7.388
7.268
7.091
7.055
4.67
1.65
1.48
1.44
1.61
1.13
0.91
1.56
0.5
1.35
1.46
1.22
1.03
1.57
1.5
1.23
1.56
1.6
1.67
1.57
0.55
1.7
1.71
1.71
1.76
1.84
1.92
1.92
1.88
1.79
3.458
2.77
2.08
1.49
0.75
0.21
7.12
6.8
0.54
1.98
0.79
1.16
1.6
1.73
1.79
1.34
1.8
2.4
3.2
1.9
3.5
4.5
4.8
3.6
5
5
5.2
5.9
5.9
6.4
9.6
10.1
5.3
1.95
0.5
0.39
9.4
1.49
1.96
2.84
5.32
4.36
2.45
4.26
3.38
5.95
10.8
2.12
2.92
3.48
5.67
4.53
3.12
1.58
1.29
0.345
0.213
1.35
3.02
2.09
3.1
3.65
3.8
4.8
5.75
5.95
6.05
6.1
15.9
8.28
9.05
15
3.85
5.75
7.18
5.67
6.09
6.76
6.94
7.03
6.84
2.01
3.25
3.76
4.14
4.28
5.28
5.56
1.8
2.05
0.262
0.7
3.62
2.36
3.52
3.44
2.7
2.05
1.46
1.86
1.6
3.29
5.24
4.9
4.55
4.46
6.7
32.9
12.2
4.2
3.5
1.17
1.12
0.55
16.2
15.3
15.1
13.6
13.6
35
34.3
33.3
33
30.8
30.1
28
25.5
10.2
0.37
33.98
34.16
34.27
33.3
28.3
19.45
2.7
3.82
1.55
4.42
4.86
11.45
11.89
6.57
5.53
11.9
4.93
8
3.2
8.1
3.6
2.4
2.7
4.5
6
1.38
6
1.4
3.51
7.6
4.53
8.27
8.29
3.1
3.95
3.91
1.35
2.76
9.06
2.79
2.6
6.03
6.64
7.69
7.93
7.63
7.87
5.7
5.77
5.66
5.45
4.8
2.15
1.9
1.4
3.3
5
2.2
10.1
10.6
11.3
10.2
11.2
10.8
10.7
14.2
13
13.8
14.5
9.35
11.5
12.4
12.9
14.5
14.8
4
4.3
3.32
3.5
1.3
1.5
2.6
2.1
0.65
1.63
4.1
6.02
3.46
4.08
4.41
11.05
4.65
2.6
2.5
3.05
8.5
4.416
3.616
3.012
2.444
2.01
1.468
1.278
0.727
0.449
0.668
1.3
1.647
2.134
3.196
4.227
5.872
7.194
7.181
6.221
6.9
1.8
15
14
7.1
1.4
2.2
1.6
1.4
13.98
14.51
14.45
13.05
10.66
7.77
6.41
3.12
2.67
2.67
2.66
2.72
5.9
5.96
4.85
4.32
6.38
16.85
16.83
13.87
3.65
8.8
11.02
11.17
1.755
2.731
2.63
3.18
1.6
17.832
20.29
2.797
8.111
8.174
10.53
5.82
5.1
3.862
2.166
11.69
8.174
10.7
10.9
10.7
10.6
10.1
10.2
9.2
7.94
6
0.94
14.3
13.6
11
12
1.64
1.72
2.1
13.8
14
6.25
5.7
7.1
4.2
6.2
3.5
2.4
9
11.7
5.4
2.72
5.96
3.9
6.7
4.92
7.9
8.1
7.6
10.5
0.49
2.5
18
16.9
16.2
15.89
1.06
5.31
2.66
11.249
10.591
9.78
8.55
1.14
12.14
5.48
10.1
4.22
8.59
4.65
7.56
5.03
0.06
4
2.7
0.311
0.246
0.171
0.071
0.27
0.141
0.08
0.25
1.78
1.73
1.66
1.51
13.8
15.3
2.9
0.94
1.66
9.2
10.56
2.97
4.53
4.57
9.15
6.95
0.264
0.032
0.385
0.0138
0.047
0.116
0.019
0.0074
0.0125
0.048
0.0625
0.47
2
0.37
4.4
3.02
1.9
0.088
0.0763
0.0619
0.0609
0.0672
0.0555
0.045
0.034
0.0278
0.022
0.168
0.137
0.13
0.0682
0.0425
0.158
0.101
0.09
4.5
7.4
1.52
0.042
0.39
9.39
9.04
9.25
3
2.5
2.7
1.6
5.766
4.227
7.5
0.15
0.07
0.08
0.92
5.18
4.1
4.92
3.68
3.5
2.94
3
3.59
8
7.7
10.56
8.7
5.1
2.7
1.95
4.1
6.25
6.95
7.1
7.3
7.15
5.75
3.54
3.21
2.3
3.6
2.8
7.7
7.1
2.1
5.2
7.2
1.92
1.85
2.9
0.7
0.53
2.66
2.04
0.64
3.8
4
4.08
3.82
4.3
3.97
4.8
4.91
4.47
2.71
6.62
1.9
2.3
2.3
5.2
6.4
3.83
3.3
5.37
16.9
6.5
8.4
1.71
3.2
12
6
6.75
13.7
3.26
3.67
3.74
3.08
2
1.66
4.64
4.85
5
4.82
4.73
4.71
2.11
2.6
2.89
16.84
16.98
1.85
18
9
18.6
17.5
17.2
7.11
3.34
2.26
2.2
1.9
1.89
1.84
1.53
1.45
1.22
0.94
1.34
1.5
4.3
4.66
3.89
1.52
3.4
3.46
3.56
4.07
3.38
1.64
3.12
3.05
1.67
5.46
4.44
4.82
4.92
3.48
8.91
10.74
12.01
11.84
10.92
11.84
4
0.205
0.235
9.25
8.65
15.1
3.2
7
11.9
11.75
11.7
10.25
2.2
5.4
3.6
3.72
2.7
2.2
3.56
3.6
6
3.92
1.45
0.77
5.6
4.58
2.79
5.98
6.628
3.273
6.43
4.33
3.03
1.86
3.47
1.92
12.7
10.7
11.5
12.3
16.5
2
6.4
12.7
5.85
0.095
2.1
5.9
9
8.05
8.12
7.63
4.61
0.4
1
6.5
0.25
0.158
0.155
0.13
2.3
2.4
2.5
0.64
0.75
0.76
5.55
2.35
1.75
5.8
9.7
6.2
5.8
3.7
6.2
4.2
4
7.9
4.1
2.2
4.4
3.81
4.115
4.2
10.5
9.2
10
6.6
4.2
4.8
16
5.8
4.25
1.45
3.3
9.275
8.6
8.6
6
16.6
8
2.2
5
5.9
13.6
15.3
9.7
12.3
14.6
15.1
14.9
12.2
12.1
15.2
9.7
9.4
10
14.5
15.4
12.5
12.7
14.1
2
1.505
1.75
2.365
1.8
20.5
15.9
19.8
14.4
10.5
12.1
13.3
16.4
8.2
1.78
8
7.14
4
1.15
3.95
2.16
7.39
2.3
2.1
1.7
3.9
4.8
5.9
2.8
2.5
8.7
4.3
8.6
7.1
5.1
2.6
2.2
1.9
1.4
1.3
1.5
2.5
1.4
1.4
1.25
1.1
1.8
2.2
2.3
2.7
0.11
0.126
0.1
0.106
0.088
0.019
0.028
0.037
0.025
0.047
0.055
0.066
0.06
0.09
0.09
0.025
0.084
0.117
0.072
0.145
0.13
0.175
0.24
0.05
0.21
0.33
0.435
0.43
0.53
0.59
0.035
0.28
0.207
0.168
0.1
0.065
0.168
0.165
0.167
0.125
0.155
0.092
0.0485
0.0433
0.048
0.0285
0.024
0.0138
0.108
0.073
0.051
0.058
0.0318
0.0332
0.0138
0.068
0.048
0.038
0.022
0.0195
0.023
0.85
4.405
3.71
1.3
2.12
1.5
6.06
9.42
12
13.1
13.1
13.5
11.6
13.7
13.1
13.2
13
12.5
11
9.93
10
9.33
9
11.7
12
11.3
11.3
10.1
9
10
8.5
8.67
9.18
10.5
11.8
9.92
10
9.41
8.96
13.9
13.5
13.2
12.7
13.9
13.7
13.3
13.1
11.9
11.5
12.9
12.8
11.5
11
12.8
12
11.4
10.9
2.78
2.78
2.52
1.79
1.52
2.97
5.38
5.7
5.66
5.17
1.3
1.58
1.89
1.99
1.96
1.85
1.72
1.54
1.48
1.56
1.71
1.64
1.7
3.85
3.86
3.88
3.93
3.94
4.1
4.15
4.18
2.64
3.76
3.96
3.89
7.84
6.18
1.17
5.7
5.2
4.14
2.94
5.54
2.7
6
117.5
116.7
116.3
115.7
115.1
114.3
113.5
116
2.68
4.5
4.5
0.45
0.128
1.8
27
30.5
23.5
33
28
37.5
6.52
17.93
3.77
10.8
21.3
16.9
14
10.4
7.186
7.17
87.2
37.9
37
34.9
32.9
14.9
6.8
4.8
6.38
1.16
1.07
1.05
1.13
1.29
3.8
8.94
11
7.9
17.8
25
8
27.5
30.2
16.25
18.85
16.75
18.9
18.41
18.28
18.01
15.89
11.92
7.02
0.93
100
132.6
110
117
105
80
106
116
102
78
131
2.25
1.65
9.4
55
76
92.842
96.663
88.259
80.97
75.985
89.93
89.8
89.88
90.36
89.88
87.2
83.6
79.8
64.5
117
68.2
2.82
2.68
2.62
2.52
2.46
2.42
2.26
2.14
22.1
21.1
21
17.9
20
17
10
5
3.1
3.3
2.24
43.3
6.8
79.2
83
77.8
77.4
74.8
74.6
75
73.9
7
7
2.6
11.6
13.9
15.2
1.9
2.2
1.4
2.33
9.5
8.2
64
0.87
38
72
95
40
49
32.85
31
19
5
8.5
7.2
4.5
5.6
6.25
4.46
1.68
4.9
6
1.1
1.65
2.79
10
6
4.3
2.3
2.9
0.98
2.75
1.65
7.2
7
7
4.7
0.7
2
1.5
0.7
0.63
0.56
0.31
2.24
3.4
4.13
3.02
1.09
1.07
2.3
2.2
2.2
1.37
1.35
1.37
3.1
4.93
8.8
10.9
9.9
0.93
1.7
6.9
6.2
6.7
6.2
5.8
5
5.6
4.6
6.82
9.1
7.5
11.6
5.7
4.35
2.3
10.8
5.5
3.2
3.5
4.5
2.6
9.8
13
45
23.2
1.56
4.66
5.21
6.12
6.36
6.72
1.58
4.05
3.34
15.14
18.4
23.45
27.11
27.7
6.95
3.9
2.56
6.1
5.6
7.1
7.67
5.68
6.5
12.7
2.6
4.5
6.5
31.2
81.3
108.7
3.1
2
2.3
5.35
5.1
3.9
10.23
10.27
9.5
8.5
4.63
4.31
10.79
7.97
7.39
6.64
5.52
3.99
5.4
9.3
8.27
7.91
5.4
5
62.3
53.6
20
35
24
6.7
107
2.17
2.12
11.6
21.4
12
87
44
16
1.6
2.1
0.45
8.1
3.38
3.08
1.12
3.6
3.7
3.38
120
100
112
115
3.4
3.2
72.2
83.15
87.65
88.3
87.9
85.65
111.98
106.01
105.51
103.03
100.31
99.3
1.13
0.81
0.8
1.43
1.01
2.13
1.35
0.9
3.24
2.78
2.39
1.89
1.38
0.932
9.95
6.2
3.2
1.94
0.194
2.9
2.4
1.61
0.94
3.25
2.9
2.36
1.74
2.27
2.64
2.68
2.3
1.24
1.04
4.9
0.74
1.38
1.12
3.4
5.17
3.33
4.64
4.28
11.2
3.6
9.16
0.195
1.52
2
11
0.745
0.545
0.473
3
2
1.5
0.11
0.19
108
90
85.5
108.5
110.5
112.5
113.3
115.3
119.8
121.3
122.2
1.025
12.3
5.94
25.7
9.38
16
18
37
35
17.2
18.1
29.2
13.5
34
30
28
24
55
75
50
44
25
25
11.1
8.19
7.58
7
6.58
6.5
2.2
6.2
0.93
0.74
1.42
1.74
0.57
0.46
0.6
9
1.85
1.9
3.3
3.4
2
13
5.1
5.1
4.7
35.8
35.5
27.5
26
3
0.0004
1.56
6.5
1.8
4.5
4
2.5
95.5
96.5
96.5
98
9.77
5.53
6.13
7.83
4.1
1.5
3
20.3
25.8
20
0.9
2
2.9
29
1.6
1.2
13.5
7.5
38.4
38.25
35.55
38
35.3
35.6
30.15
28.5
29.9
21.8
25
29
21.2
0.6
1.8
2.69
32.9
28.4
30.3
29.5
24.2
50.7
48.1
29
27
2.1
39.9
36.9
31.9
59
34
23
0.64
45
38.7
37.4
36.2
30.6
23.2
12.4
3.8
3.1
3.5
2.4
11.34
5.36
2.51
4.47
17.3
26.8
42.3
52.4
54.6
53.5
48.35
50.1
35
48
46
55
51
48.2
42.6
28.3
38
36
38
20
40
1.38
41.7
50
26
3.7
3.5
2.75
41
40
47
23
40
52
22
18
2.4
26.3
19.2
18.1
12.9
29.5
9.86
11.76
12.5
2.65
3.15
5.1
4.4
0.8
1.96
8.3
3.93
7.25
6.55
91.19
74.07
57.97
44.8
36.5
23.12
14.4
24.7
43.5
27.9
23.3
26
0.96
5.03
5.05
5.19
6.25
7
23.7
29.5
12
20.5
21.1
1.45
0.34
18
1.87
25
47.5
52
5.16
4.43
6.5
7.3
4.31
2.376
0.52
0.867
8.73
37
9.01
9.96
10.9
9.96
9.96
22
3.8
36
2.6
36.6
22
3.79
4.2
4.16
3.45
2.71
1.82
79.2
11
14
6
3.05
32
19.6
12.2
23
45
3.5
72
108
100
12
6.11
28
25
10.3
3.3
5.8
2.6
32
20.6
24
29.3
29.1
29.1
29
29.1
24.6
23.4
29.4
29.1
36.9
24.5
21.7
33.2
9.2
16
19.5
20.1
33
25.5
21.5
16.5
13.5
35
26.5
20
14
21.96
32.7
17.7
22.1
34.8
33
30.6
25.2
22.9
13.5
13.2
53
54
27
44
47
112
103
108
104
75
29.4
11
29.35
29.55
30
110
107
105
103
97
99.7
99.8
100
100
104
107
101
102.5
103.5
34.5
22.8
29.4
29
27
0.42
0.44
0.4
6
4.4
3.3
1.6
1.6
1.078
0.518
3.405
1.163
0.825
5.85
0.026
13.2
28.5
27
24
22
6.47
27
13
37
12.2
46
10.3
8.12
10.7
10.01
12.7
13.2
13.8
13.7
13.1
10.9
35.6
38.1
35
8.5
6
8
17
7.34
8.28
10.6
11.45
10.6
7.7
4.69
2.2
14.5
24
14.1
25.6
32.6
4.8
24
11.5
8.43
9.45
5.9
6.4
7.8
6.6
6.4
2.99
2.79
2.29
2.08
1.26
1.65
10
5
1
2.1
38.2
40.4
0.34
2.92
90.52
91
86.18
71.08
91.58
92.41
92.17
91.11
90.3
89.9
90.2
86.5
91.8
91.8
90.4
89.2
86.3
1.95
2.25
3
38
28.4
40.2
48.5
53.7
52.1
53.6
52.2
51.2
30.2
37.3
41.4
44.3
32
6.48
22.5
92
96
96
97.5
94
94
96
98
16
12
28.6
11
10.5
16.7
22.8
17.4
10.6
4.45
3.8
3.1
2.4
2.1
3.2
8.58
13.02
12.66
11.02
6.6
5.13
15
17.3
15.8
11.75
3.79
2.9
0.936
1.017
1.653
1.746
34
7.5
17
28
23.02
34.6
23
1.095
14
14
8
33
41.5
51.5
16.3
12.5
10
3.83
4.42
10.7
22.6
9.94
9.23
1.415
26
2.222
2.15
2.254
2.252
1.5
45
16.4
25.4
25.2
17.8
2.8
3.3
17
31.5
7.91
7.4
6.91
1.723
1.694
1.934
2.33
3.23
7.4
20.2
17.4
3.53
2.51
12.4
25.5
18
35
34
0.14
6.5
13.6
36
21.7
5.11
37.7
49.1
45.2
51
46.8
53
9.1
23
21.2
16.6
3.49
15.4
8.72
3.92
51.9
54
24.3
36.2
40.2
38
9.4
4.75
6.2
6.2
2.35
3
1.4
3.2
3.4
36.5
5
23.6
37.5
50
6.6
3.2
3.1
3.6
9
6
7
12
45.3
39
35.7
22.8
2.44
2.65
2.31
2.13
2.02
2.13
2.04
1.78
1.25
0.2
21.5
16.5
21.8
32
32
28.2
15
0.45
2.75
10
0.08
30.1
0.69
29
7.2
3.25
6.28
38
32
9
17.6
18.3
20
10.2
24.8
28.5
19
102
91
77
106.9
104.8
105.1
105.1
105.1
105.1
105.1
104.8
105.1
105.1
105.1
103
105
79
66
56
106
108
87
82
40
53
44
38
26.3
2.25
13.2
12.3
13.3
9.51
10.6
10.8
5.94
3.73
2.75
10
5
10
24.9
17.8
18.9
5.41
21.9
24.2
8.7
8.8
11.6
0.68
42
52
7.18
11.85
10.9
4.56
21
8.26
13.3
14
11.6
17
3.05
3
0.15
5.8
4.8
2
4.7
6.7
6.3
2.9
4.4
4.9
4.2
2.6
2.4
23
51
45
36
14
50
2.8
22.8
42
43.8
35.7
34.8
14.9
6.85
14.6
22.7
21.7
15.5
8.52
2.39
14.6
17.8
13.9
5.1
25.3
22
3.65
18.9
24.6
25.5
25.9
25.4
24.9
4.86
12.8
15.5
16.2
9.25
6.15
5.85
4.16
3.51
4.52
3.77
4.83
4.33
3.51
13.5
13.5
3.15
2.85
3.15
1.3
8.69
8.47
0.9
13
13.5
12
6
8.5
14
1.8
1.8
2.65
3.4
4.8
14
0.46
50.5
42
14.6
46.4
50
13.7
4.51
16.5
24.6
24.9
33.3
34.3
29.3
30.6
6.4
21.8
17.9
9.51
36
30.5
25
19.5
15
29.4
17
7.1
7
29.75
7.83
6.65
11.3
10
14.8
11.6
0.22
8.1
5.83
26
30
12.5
14.3
1.8
14
32.83
30.07
16.9
12.27
6.5
5.25
6.05
7.85
8.8
10
11
12.5
13
12.6
9.65
34.45
12
0.64
17.1
27
41.8
51.8
12
27.05
54
50
74.5
79
81
87
75
74
69
15
76.5
70.5
71
53.5
43
44
81
100.1
7.4
37.8
41.5
41
37.3
7.2
30.1
29.1
22.4
20.8
13.9
7.73
6
3.74
8.65
7.4
2.34
7
10.3
10.8
5
5.5
8.1
8.66
9.6
2.27
14
20.4
36.5
36
29.7
29
23.8
20.4
16.4
21
24.9
30.4
28.6
21.4
53.5
3.8
3
17.9
21.1
16
14
15.4
7.4
5.6
2.7
5.4
6.9
0.6
0.2
15
52
0.74
2.1
0.22
21
26
0.7145
3.325
4.095
2.305
1.9
20
18
4.7
13.8
5.9
4
4
8.3
7.1
16.6
14.7
10
17.1
22.2
14.6
10.1
0.7
30
20
10
10
8.6
6.8
55
6
11
112
105
104
96
90
0.9
0.2
0.6
0.05
12
14
14
12.6
22.8
9.1
79.8
57.9
36.2
16.9
62.4
44.6
28.5
1.82
1.93
8.1
25.2
23.4
21.1
11
11.5
11.9
12.7
13.6
15
1.3
0.954
0.818
1.61
2.98
3.64
4
3.59
9.84
5.64
4
50
10.6
8.6
4.1
11
11.1
9.7
10
8.5
8.5
6.8
6.8
10.6
9.2
15.8
10.6
13.8
1.14
1.35
1.4
21
1.61
1.38
1.87
1.71
28
7
32
34.8
31.4
0.4505
0.748
2.1
35
28.4
15
34.3
33.5
34.2
34.3
3.2
24
28.3
36.7
8.62
11.2
14.1
25.6
32.5
35.6
38.8
39.3
21.8
0.66
47
5.5
7.1
5.67
2.5
2.87
2.4
2.3
2
2.15
1.54
2.9
8.3
8.1
80
62
52
10.2
7.6
10.58
8.86
6.94
6.295
5.26
8.9
7.28
4.31
2.94
6.4
4.76
7.34
7.53
8.77
8.72
4.84
5.07
6.46
7.85
7.31
10.1
8.66
8.66
8.22
8.06
7.61
6.87
4.41
4.18
6.88
2.5
8.86
9.03
9.6
3.54
10.4
10
9.64
9.5
9.05
8.74
8.76
8.06
6.43
5.96
1.78
2.82
3.83
4.53
4.3
1.63
1.17
1.29
7.95
7.56
6.76
2.11
5.09
6.35
2.2
1.26
8.22
7.32
6.15
5.98
21
22.5
21.3
13.475
30.5
25.3
8.545
12.2
13.8
8
2.34
1.75
2.12
51.1
42.7
21.7
18.5
13.9
15.9
37.7
37.6
37.4
36.9
8.5
6.99
4.5
8.465
6.38
4.55
2.3
3.42
5.77
9
9.75
10.92
1.5
3.49
3.62
4.17
17
38.5
0.5
0.55
1.54
1.6
0.325
3.78
2.31
1.95
11.3
7.5
13
14.6
35
36.9
35.2
13.9
25.4
22
17.1
18.5
19
17.2
16.8
2.3
2.9
2.36
0.415
1.32
5.3
34.9
35.7
9.31
14.125
15.55
15.6
8.95
26.2
4.08
3.5
8.3
4
3.5
9
9.1
7.4
11.6
15.5
18.5
18.3
20.5
23.3
23.4
23.5
22.8
21.1
21
17.2
24
14.1
10.04
6.01
4.32
19.5
8.43
18.9
19.6
7.1
12.2
15
3.9
15.1
18.4
14.4
6
2.15
2.35
8.7
11.6
9.6
4.3
17.15
20.95
15.55
5.3
3.8
3.7
0.34
1.4
1.35
42.8
51.5
56.5
63.6
6.6
1.86
2.5
4.7
30.5
104
93
94.5
92
18
18.3
17.3
87
56
54.5
56
1.22
1.02
0.81
0.556
13.7
14.1
14.1
38.2
31.2
29.5
117
111
113
99
7.3
37.76
53.8
39
47
49
53.56
55
3.8
17.6
11.6
11.48
1.4
4.1
2.9
2
33
22
5.4
16
2.52
12
12
16
11
11
14
18
19
35
22
15
2.5
27.85
30.7
31.3
32
30.35
25
25
53.5
42.5
26.5
28.6
2.8
30.5
30.5
32.5
32.5
28.4
31.8
31.8
32.5
36.4
34
33
31
29
26.4
28.3
31.5
36.5
34.4
30.4
23.5
9.8
4
1.4
1.7
3.5
86.5
75
88
98
40
20
3.1
2.5
4.2
5
8.3
6.8
25
2.19
2.61
3.14
3.14
1.97
1.57
1.27
28.3
9.7
8.5
6.5
54.9
14.4
2.23
2.18
2.21
20.5
15.55
12.5
10.475
7.81
5.935
16.35
13.28
9.715
6.155
8.21
54
51.4
54.2
40.1
15.1
24.8
12.8
35
45.8
49.7
37
44
12.5
15
36
31
36
36
26.3
22
22
6
2.6
2.9
32.6
27.8
23.2
16
36.8
30
22.5
11.6
7.13
7.95
8.81
9.09
9.47
9.71
9.2
2.8
1.06
48
46.5
40
34
14.5
2.2
2.5
2.5
4.5
7.28
4.2
2.85
5
24
0.85
21
13.9
10.2
27.1
27.5
25.6
23.6
23.6
17.2
27.3
25.4
20
4.52
14.3
1.73
1.61
1.48
1.27
0.89
0.6
3.6
2.3
8.76
15.7
16
9.07
14
7.05
3.5
6.86
16
11.5
4.48
13
14.2
14.9
7.7
3.9
6
4
2
1.98
3.52
4.24
4.8
2.5
10.1
27
24
16.1
11.9
27.1
38
40.1
30.1
9
39
43
3.6
2.7
23.5
26
29
28
6
22
24
16
15
3.2
2.4
5.8
21
22
29
26
28
16
30.6
32.4
27.4
29.5
29
25.5
28
49.5
21.2
19.9
16.5
14.8
2.16
17.5
30
2.7
3.04
0.68
15.5
17.7
15.2
15.7
17.1
14.1
12
10.8
2
2
2
7.2
9.5
13.4
13.9
14.4
13.2
11
5.56
13.5
13.3
12.5
12
9.82
8.78
8.45
7.97
12.3
2
2
2
32
28
33
2.6
15
5.45
8.75
32
2.325
9.5
12.5
10.2
4.9
13.8
11.9
0.1
3.85
15
6.62
7.05
29.6
31.6
36.35
36.35
44.55
36.4
26
36.7
26.2
5.8
0.69
2.7
0.45
22.4
28.4
29.8
30.4
32
33.1
32
2.24
2.16
2.09
1.97
1.19
2
1.68
1.31
1.22
0.86
0.78
2
7.7
5.5
10.3
4.35
2.9
4.94
3
2.6
5.5
2.93
9.97
15.6
16.3
2.79
3.7
3.1
1.2
4.25
4
4.05
120
102
81
38.9
3.8
2.4
11.7
17.2
19.3
21.8
20.6
18.2
16
20.7
3.5
15.8
34.6
44
100.4
102.5
89.8
88.65
54
98.45
96.8
101.1
102.75
75.2
64.95
64.75
68.55
78.35
79.5
85.05
76.15
72.9
87
78
66
87.5
63.5
64
137.4
123.4
114.1
97.9
90.5
124.5
112.2
105.7
90.5
14
18.5
17.1
16.5
29
16.9
18
25
27
26.8
17
28
22
11
17.8
22.2
8.3
4.1
12.3
16.4
13.3
7.16
4.1
14.8
18.9
14.8
6.14
19.4
15.75
16.5
2.4
3.3
2.7
3
31
32.2
31.5
3.09
17.8
7.46
6.4
5.47
4.36
3.07
3.37
3.12
3
31
31.4
21.4
16.4
1.9
1.8
32
6.05
5.7
23.5
18
13.8
10.8
16.8
16.6
14
4.61
13
9.78
7.66
13.35
10.58
38
13
2.78
13.8
10.3
2.6
1.5
10.1
9.3
3
2.9
3.76
10.1
8.4
8.1
6.4
5.4
5.6
4
2
10.3
4.96
15
15.8
34
7.6
30.3
12.5
5.47
5.79
5.72
5.56
5.29
5.1
4.97
10.4
11.2
5.92
4.91
3.11
1.87
1.4
1.56
4.3
3.23
2.82
2.775
2.63
2.285
1.945
1.655
1.275
1.23
8
2.1
8.4
40
36.9
35.8
34
7
3.8
17.4
5.95
7.89
30.1
28.6
32
29
28
32
32
31
31.75
29.2
26.25
31.35
5.8
19.4
25
33.4
29.4
0.46
50.03
91.8
86.5
68
54.5
64
46.2
55
55
14
21
3.45
2.8
25
27
27
13
20
11
35.4
26
15.6
13.5
5.8
19.5
21.5
24.3
22.9
20.7
11.1
5.1
3.1
46
14
31
31.75
29.2
26.25
31.35
21.5
11.6
15
12.8
10
5.8
15.6
9.6
16.5
25.2
40
3.81
22.2
18.4
3.6
5.36
2.2
14
16.6
25.8
23
6.83
15
23.4
20
17
21.7
30.9
32.4
32.4
32.4
32
15.2
29.5
32
15.8
18.6
22.4
19.6
13.5
4.8
8.4
13.9
14.4
13.4
33
32
30
32.6
31.1
30.4
14.8
40.5
41.4
28
41
33
4
21
9
0.38
0.42
0.41
23
25.5
25.4
19.9
19.9
52.5
23.3
18.2
5.75
2.7
7.8
9.4
17
22
34
11
7.8
0.77
6.7
8.2
9.6
12.9
14.4
7.7
6
6.8
1.6
11.7
15.8
12.6
7
30.6
7
2.68
16.3
7
19.8
20.1
17.2
27.4
27
24.5
23
2.3
2.6
2.8
1.49
1.66
0.69
5.6
5.4
7
18
6.9
18
16.2
33.5
8
8.79
27.8
44.4
46.9
32
1.53
1.53
1.53
1.65
1.6
1.54
1.5
1.43
1.49
5.35
15
2.72
1.4
1.2
10.5
14.4
14.8
9.1
57.1
56.4
54.1
49.8
90
84
83
82
81
79
71.9
50.8
49.9
28.7
23.8
76.6
73.5
71.85
75.92
72.6
72.3
0.533
0.394
15
20
25
2.6
30.5
21
10.3
7.8
17
13.5
0.96
33.65
13.7
27
42
33
32
36
16.76
13.42
7.54
18.96
15.82
8.77
4.6
3.37
17.53
12.1
9.41
6.22
8.6
29.9
4.72
3.38
0.47
2.4
1.3
2.7
10.5
14.3
7.3
6.9
6.6
13
26
16.3
16.7
12.5
7.4
4.9
6
7.38
8.78
10.5
27.6
28.7
32.5
30
29
41.2
31.7
33.2
36.2
40
45.3
41.8
19.3
8.18
14.5
5.02
0.895
3.12
3.1
2.92
2.58
24.5
2.6
14.5
32.6
31
26.5
1.13
3.6
1.27
0.75
1.88
0.68
1.2
33
23
18
16
24
4.7
2.8
2
3.66
3.4
2.86
2.19
2.1
2.2
31.05
26.25
25.05
22.2
25.5
22
1.8
0.8
37.78
9.53
37.14
30.31
26.75
22.29
30.15
23.3
11.83
11.1
5.1
18.3
7.86
19.95
13.56
36.5
32.4
31.3
45.6
44.9
37.3
32.5
9.58
13.7
19.4
20.1
13.4
10.6
4.3
11.85
15.8
13.6
7.49
4
7.18
6.22
4.58
3.12
2.51
6.62
6.45
6.04
14
5.55
6.32
6.75
7.74
6.2
5.2
4.6
3.6
4.6
3.8
3.1
2.5
2.8
3.1
3.2
2.94
0.8
25
27.5
29
30.5
32.5
35
6.9
15.9
24.5
28.8
0.68
1.38
2.45
2.84
2.59
2.55
17.8
11
7.4
16.5
24.5
7.32
6.72
3.96
3.83
6.61
5.63
7.22
2.25
2.77
3
2.96
11
2.7
3
9.09
6.55
8.1
7.8
3.4
64.05
71.3
78.35
85
83.35
4.6
130.9
0.48
1.48
3.47
2.59
4.02
4.52
4.24
5.12
5.12
5.25
4.7
4.35
4.25
2.4
4.11
3.93
2.99
2.59
2.99
107.7
110.85
111.5
106.1
107.05
28.2
17.1
30.2
16.6
15.65
31.4
19.7
13.5
13.9
14
12.9
31.9
2.85
2.8
3
39.8
50.1
4.86
13.3
19.7
22.2
26.1
22.1
4.9
17.3
2.1
7.8
38
32.2
33.9
22.5
9.78
10.96
12.44
14.9
29.4
4.55
23.3
16
7.5
32.5
32.5
31.5
7.28
37.4
28.7
19.4
11.7
6.86
3
2.35
9.9
33
27.4
23.7
19.7
17.6
18.3
13.6
46.7
37.4
22.1
21.3
13.7
39.3
16.9
11.1
4.26
2.05
2.855
3.07
2.945
2.69
2.28
4.75
1.85
1.9
1.8
1.8
1.9
1.76
16
7.6
9.2
8.3
8.85
4.2
2.845
6.79
2
3.7
4.1
16.3
5.6
16.5
16.3
16.3
15.5
20.6
23
3
3.2
2.1
0.87
15.1
9.3
2.82
2.96
3.16
3.22
3.24
3.23
2.89
2.6
2.76
2.72
2.7
2.64
2.62
2.52
7
32.25
0.69
1.25
1.3
0.82
1.44
0.2
25
20
19
19
2.96
1.99
1.8
3.3
25
20
18.5
17
11
8
5
30.5
20
11
22
17
11
31
31
31.5
31.9
32
15
4
10
17
18
23.5
26
28.5
34
36
34
20
7
7.3
10.5
15
3.7
33
11.9
12.7
13.6
15.6
2.55
1.73
14.2
20
23.4
18.9
16.4
30.1
14.2
14.7
12.2
10.9
9.86
7.46
29
25
7.9
1.81
6.4
8.7
8.2
1.8
2.36
1.74
1.74
1.66
2.35
2.22
21
2.53
2.84
2.71
2.41
25.1
1
1.06
1.76
1.64
5.5
10
18
22
31
39
8.4
6.6
1.5
2.2
3
3.1
4.1
5
45
26.2
25.5
24.6
23.9
7
7
7
6.2
6.4
5.4
3.94
2.6
3
1.3
40
6
10.2
50.1
37.2
31.3
16
45.7
34.5
18.8
5.6
13
30
5.2
8.29
7.75
7.49
3.19
2.86
2.12
3
2.49
1.92
22
6.52
6.07
5.88
5.41
4.89
4.39
4.4
4.2
3.7
3.5
21.87
22
21.9
15.4
22
16.5
3.6
2.9
4.68
4.49
4.33
4.02
3.76
3.2
2.82
27
38
43
48
53
1.98
2.1
1.2
3.34
2.27
5
8.2
6.6
6.25
4.27
3.18
2.76
2.23
1.87
1.17
2.3
1.9
2.2
4.5
1.42
1.22
1.41
6.1
3.2
8.9
6.75
5.62
4.92
2.1
9.4
3.95
2.25
2.18
2.13
1.8
1.77
31
4.7
25
42.8
7.92
5.75
5.52
4.61
4.11
3.43
1.767
1.015
0.29
2.075
3.7
5.5
5
5
5
3.1
4.46
4.55
4
3.51
3.51
5.24
5.44
32.5
0.6
1.27
0.92
2
51
4.5
6
6.7
6.6
8
7
8.1
4.4
53
3.14
4.24
5.22
5.53
24.8
25.8
13.7
0.8
7.11
10.26
10.96
9.5
7.86
1.24
4.41
4.2
4.2
4.2
4.2
4.2
4.2
4.2
4.95
9.5
2.86
3.15
3.24
3.31
3.45
3.48
0.96
2.23
0.96
0.74
13.6
13
12
0.93
8.2
0.7
4.47
8.65
120
2.5
33
6.7
4.9
4.1
3.7
2.6
4.6
3.1
1.89
4.29
4.37
5.3
2.5
8.94
9.81
17.8
19.9
21
15.9
0.95
5.3
11.8
15.9
23.8
33.1
33.7
32.8
28.7
24.2
19.2
18.4
2.5
5.3
3.1
25
25
25
40
45
18
13.5
12.5
8
30
16
1.273
26
0.955
0.993
0.476
1.043
0.8
0.66
0.897
0.734
0.429
11.1
13
18.8
20.4
17
7.53
6.2
6.7
4.25
5.33
6.19
5.93
5.71
2.65
1.52
31.8
32
2.5
2.09
1.74
1.34
0.885
1.95
2.85
9.25
9.96
4
4.3
1.7
1.075
1.7
16.35
17.2
6
9
3.2
3.4
4
4.8
2.65
7.92
5.43
4.51
2.75
0.98
4.4
4.2
4.1
5.3
7.5
9
6
3.88
4.25
5.13
6.1
5.86
3
40
30
7
17.3
15
17.6
5
16.2
17.7
17
16.7
16.8
7.46
7.15
7
4.15
1.3
1.695
1.8
1.5
1.75
1
2.8
14.5
13.3
10.3
9.24
8.2
9.5
2.1
13
12
11.8
13.5
2.95
4.1
1.8
0.41
1.85
1.95
8.2
20.75
1.21
2.66
1.61
2.14
3.92
4.21
0.84
1.36
2.12
1.68
2.84
3.31
0.68
3.6
4.19
1.5
1.5
1.9
1.19
2.2
2.2
2.31
2.49
8
27
5.25
2.3
6.57
34
25
2.23
2.75
2.36
1.9
1.84
2.13
3.1
3.04
2.96
28.2
40.6
35.7
4.8
11.8
3.51
3.92
4.06
4.25
4.46
4.48
5.76
6.24
6.3
5.34
4.11
4.36
4.99
4.85
3.6
4.63
3.71
5.31
2.17
3.7
32
32
28.7
17.8
38
36.2
30.1
55
45.9
43.3
54.7
46.4
41.1
48
43.1
20
13.6
13
11.64
10.16
8.45
40
30
49.6
23.3
14.2
49.35
46.8
36.35
17.8
15.6
3
3.46
3.94
4.07
4.42
4.68
4.79
37.4
42.2
5.85
5.75
6
5.6
4
3
53.5
22
36.5
4.2
52
6.3
2.25
2.57
0.4
1.79
2.06
2.81
2.77
2.62
2.28
1.6
0.703
1.35
2.82
2.16
1.76
2.98
3.58
2.13
3.11
3.88
4.01
4.18
2.49
3.59
3.87
4.16
4.23
3.35
3.7
1.45
2.5
3.1
8.2
89.6
89.5
77.1
83.2
58.9
62.6
45.4
49.5
3.7
26.3
12
22
20
20
24.4
0.57
2.5
10.7
47.2
43
35.1
34
28.1
28
21.8
21
43
10
26
43
11
24
43
3.8
27.9
29.6
24.9
19.2
3.69
33.9
34
29.8
26.8
14.5
6.26
0.655
0.325
2.49
2.19
2.5
3
3.7
3.78
3.6
3.01
2.68
3.145
3.256
3.67
4.31
4.75
4.65
4.58
3.48
3.93
4.48
4.78
5.11
5.32
5.51
2.33
3.55
4.9
5.19
5.38
5.58
23
22.7
23.2
19
13.3
8.95
20
8.8
17.7
13.4
0.3
3.43
3.57
57.3
68.5
75.2
79.8
14
9.2
32
37
39
21.5
40.9
38.6
35.6
35
32
24.2
18.4
11
1.45
4.5
2.8
1.835
4.8
6.1
3.55
0.085
0.175
0.201
0.067
0.132
0.182
5.2
56.2
55
48
36
21
2.93
3.11
3.26
4.05
4.21
5.14
5.42
21.5
2.55
1.15
6
4.3
4.1
4.1
4.05
3.25
2.865
9.58
10.1
10.7
6.45
3.5
4.7
27.9
32.8
35.1
34.5
32.3
26
22.6
30.5
30.4
18.9
19.5
26.9
31.8
25
20.5
28.4
28.1
18.9
26.2
28
25
23.7
20.9
19.5
17.6
14.8
11.6
10.9
18.6
2.295
2.92
4.46
6.855
2.85
16.5
20
1.1
1.1
1.55
1.365
1.1
1.1
1.1
1.1
1.1
2.775
1.64
2.76
2.85
3.5
4.17
4.24
60
185
3.92
6.7
14.9
2.08
4.5
4
6.24
7.61
7.96
8.09
8.77
9.6
9.24
9.09
8.39
7.49
5.19
18.75
4.46
1.4
29
16.2
21
14
17.6
12.2
19.5
12
3.48
1.65
13
11.5
8.2
3.15
5.2
6
2.6
2.46
1
0.9
2.7
0.97
9.5
4
2.6
23.5
28.7
21.5
21
21.6
25.9
15.6
0.2
33.5
19.6
12.2
1
8.2
3.5
2.61
2.39
2.09
41
39
28
35
28
22
2.7
3.25
4.2
5.1
5.44
5.2
45
78.5
90.5
80
59
33
37.5
36
32
25.1
38
20
21.2
25.1
10.5
11.1
40
4.12
13.4
22.4
6.2
4.76
5.5
7.25
11.9
21.7
18.1
15
5.84
0.2
55.3
51.8
45
36.4
7.76
22.7
14.8
5.02
4.6
54.1
60.6
75.3
2
2
23
23
23
19.5
13.5
10
50
28
36
19
11
17
10.5
5.5
3.5
2.5
1.8
4
4.1
4.1
4.1
0.575
0.634
0.763
3.28
3.27
3.24
2.455
5.1
16
2.45
7.62
7.9
3.76
3.68
1.6
20.2
20.3
17.2
15.2
16.3
16.3
5.7
0.6
21.9
4.25
4.63
6.78
15
14
4
6
22.8
0.68
0.36
2.35
3.52
2.98
4.46
2.68
3.25
4.29
4.78
5.21
5.1
5.3
5.52
4.66
4.59
33.1
9.96
9.86
3.075
1.845
7.5
5.9
18.7
34
10
2.5
2.9
44
46
40
40
38
39
40
42
21.2
20
19.2
2.81
11.4
6.7
3.1
3.3
3.7
3.9
3.8
3.7
3.5
2.9
2.7
4
6.8
28
30
30
5
2.41
4
3
1.95
1.58
6.8
6.6
11.3
12.2
13.1
13.3
14.3
2.29
2.14
1.82
1.78
10.6
7.73
4.8
13.8
13.7
13
11
3.4
0.07
0.093
0.28
0.07
0.58
37.8
36.5
35.1
5.1
4.9
2.92
4.43
3.6
5.24
2.03
4.54
8.32
8.2
27.6
32.8
40.7
2.1
3.2
4.2
15
25
13.5
2.1
0.83
0.95
1.67
1.87
32
20.3
19.5
23.9
36.9
2.9
3
3
3
2.9
2.9
2.8
2.7
3.75
1.55
3.8
2.2
5.1
4.6
8
1.37
5.8
7.8
8
7.8
6.2
14.5
22.8
25.2
22.9
12.9
2.9
2.6
3
3.2
3.2
3.2
3.02
2.91
2.79
2.11
1.11
1.21
2.53
0.6
1.74
32
37
37
37
24
30
0.46
27
8.8
5.4
19
24
6.7
5.42
5.96
11.67
11.42
7.52
7.83
2.31
6.93
10.87
24.24
21.2
19.08
15.75
22.38
25.61
23.6
27.84
21.14
22.8
9.84
30.3
29.3
25.7
25.3
31.3
2.87
2.48
2.6
5.07
42
0.32
11.3
13.7
18.2
19.3
19.9
20.3
20.3
18.6
14.5
10.9
6.4
3.4
34
1.65
0.96
0.98
1.6
6.4
8
18
23.8
31
34
5.54
24
38
1.2
1.7
28.9
49
45.4
44
3.8
3.9
2.13
1.84
1.4
2.14
2.05
1.92
8.9
8.7
9.2
5.5
6.09
5.97
5.67
5.65
4.77
4.78
8.6
7.85
4.43
2.68
1.71
1.27
0.69
1.4
1.4
12
3.2
2.7
3.5
2.45
3.4
4
5.8
2.15
2.68
2.7
2.99
1.83
4.4
4.4
4.4
0.46
0.45
6.5
22.9
32.2
62
34
32
21.4
26
2.34
8.71
17.4
23.4
29.2
35.2
44
2.9
6.98
22.6
25.2
28
29.5
34.1
50.1
3.46
2.3
1.9
0.6
2.15
2.29
2.2
1.95
1.95
36
35
5.2
0.05
0.039
0.19
0.96
0.75
1.506
65
60
55
40
3.5
4.5
5.25
20.86
26.9
25.3
24.3
121.6
126.8
126.9
106.7
4.39
5.23
4.26
3.955
0.6
0.9
1
1.2
0.5
1.24
4.15
4.95
1.95
1.89
1.73
1.47
1.19
0.92
2.97
3.68
4.27
4.46
3.51
3.7
29
25
16.3
11.5
1.3
5.8
50
2.42
6.86
7.01
1.4
4.3
6.2
6.97
7.24
2.2
3.38
4.85
5.17
5.37
5.35
5.56
4.83
4.08
4.06
8.8
32
24
28
22
33.1
35
31.6
35.1
36.8
26
1.3
3.89
12.93
10.8
7.4
3.2
3.2
5.1
3
117.5
98
132
4.5
3
1.52
4.7
4.4
3.25
4.19
4.53
4.02
3.82
3.6
1.86
1.69
1.41
0.88
2.1
0.86
0.75
0.68
1.2
2.32
3.54
5.94
5.83
5.14
4.365
5.2
4.25
3.97
6
25
2
2.8
36.5
5.3
8.35
7.54
6.57
5.78
4.82
7
10
15
37
8
13
17
38
12
19
4.84
2.11
4.71
7.73
6.41
13.9
12.6
15.8
19.3
15.7
1.6
4.5
6.2
0.97
3.275
3.35
0.785
1.2
1.2
2.05
1.585
1.445
1.165
0.27
22.6
14.4
9.67
28.5
22.7
14.1
10.1
2.89
7.5
18.6
24.1
26.6
27.9
6.7
3.05
3.06
2.92
2.84
2.29
78
1.6
2.13
3.8
8.29
4.98
1.85
1.6
3
1.42
1.85
3.43
2.44
122.1
1.98
1.84
12.8